Vertice
136
3009 1
3014 270
2558 276
2552 101
2552 597
2235 610
2219 289
1720 276
1705 480
1280 495
1257 159
1257 78
848 151
833 68
1708 878
2419 898
2428 1086
1437 1100
1425 824
1014 816
974 400
662 358
656 152
392 143
386 77
117 143
288 358
281 695
121 701
281 1432
126 1438
825 1438
836 1825
833 2134
577 2143
566 1997
563 1666
230 1657
224 1925
107 1931
224 2187
415 2000
398 2193
1212 1831
1220 1616
1822 1609
1832 2120
1612 2139
1590 2060
1062 2042
1052 2187
2194 2130
2760 2130
3008 2125
3014 2258
3251 2125
3794 2130
4185 2130
4415 2139
4438 2059
4966 2042
4976 2187
4196 1618
4800 1609
4808 1824
5186 1831
5195 2136
5450 2143
5461 1999
5613 2000
5629 2193
5465 1665
5798 1657
5804 1925
5804 2187
5920 1931
5192 1449
5741 1438
5901 1438
5747 707
5906 701
5747 366
5378 358
5372 151
5636 143
5911 143
5642 77
5097 358
5054 776
4610 816
4603 1087
3614 1100
3599 907
4299 898
4320 495
4747 495
4771 158
5179 151
5195 68
4771 78
4323 291
3823 276
3808 594
3489 610
3476 282
3476 101
3019 1585
3259 1584
2768 1585
4801 1384
1225 1383
3779 1379
3517 1589
3525 1845
3767 1851
2248 1378
2254 1845
2496 1851
2503 1596
3019 1056
3289 1055
3295 1362
2738 1056
2716 1378
5013 1435
4808 1224
5554 1216
5561 833
5382 824
656 812
477 824
467 1209
1213 1216
1014 1435
3295 613
2733 613
Edge
147
0 1
1 2
2 3
2 4
4 5
5 6
6 7
7 8
8 9
9 10
10 11
10 12
12 13
8 14
14 15
15 16
16 17
17 18
18 19
19 20
20 21
21 22
22 23
23 24
23 25
21 26
26 27
27 28
27 29
29 30
29 31
31 32
32 33
33 34
34 35
35 36
36 37
37 38
38 39
38 40
35 41
41 42
32 43
43 44
44 45
45 46
46 47
47 48
48 49
49 50
46 51
51 52
52 53
53 54
53 55
55 56
56 57
57 58
58 59
59 60
60 61
57 62
62 63
63 64
64 65
65 66
66 67
67 68
68 69
69 70
68 71
71 72
72 73
73 74
73 75
65 76
76 77
77 78
77 79
79 80
79 81
81 82
82 83
83 84
84 85
84 86
82 87
87 88
88 89
89 90
90 91
91 92
92 93
93 94
94 95
95 96
96 97
97 98
96 99
94 100
100 101
101 102
102 103
103 104
104 105
104 1
106 107
107 55
53 106
108 106
52 108
111 109
109 63
107 112
112 113
113 114
114 111
110 115
115 116
116 117
117 118
118 108
44 110
119 120
120 121
121 111
106 119
122 119
115 123
123 122
76 124
109 125
125 126
126 127
127 128
128 82
21 129
129 130
130 131
131 132
132 110
31 133
120 134
134 103
119 1
122 135
135 4
