Vertice
1689
38 32
135 32
135 83
95 83
44 83
44 136
95 136
187 32
187 83
239 83
239 135
291 135
291 187
252 187
252 239
199 239
199 147
148 147
148 187
44 187
44 240
148 239
95 239
148 292
199 343
147 343
95 343
95 303
43 343
43 303
147 395
96 395
96 447
43 447
43 407
43 500
136 447
199 447
199 499
96 499
96 551
43 551
135 551
135 603
135 655
43 655
43 616
84 616
43 707
83 707
83 759
44 759
44 811
44 916
83 811
83 967
43 967
83 1019
43 1019
135 1019
187 1019
187 1071
43 1071
187 1123
147 1123
96 1123
96 1175
43 1175
43 1135
96 1228
147 1175
147 1279
187 1279
187 1331
239 1331
239 1435
200 1435
200 1487
95 1487
95 1395
135 1395
135 1436
188 1395
135 1343
95 1291
43 1291
43 1239
43 1332
43 1395
43 1487
43 1447
43 1540
95 1539
136 1539
200 1591
95 1591
200 1643
147 1643
43 1643
43 1603
43 1696
147 1695
95 1695
187 1695
187 1747
95 1747
44 1747
44 1800
95 1799
135 1799
135 1851
96 1851
96 1903
43 1903
43 1863
96 1955
43 1955
96 2007
43 2007
96 2059
43 2059
96 2111
43 2111
96 2163
96 2215
43 2215
43 2175
43 2267
43 2320
83 2267
83 2319
188 2319
135 2215
135 2267
188 2267
187 2215
239 2215
239 2320
239 2176
291 2176
291 2216
291 2268
343 2216
343 2319
303 2319
395 2319
448 2319
395 2280
447 2280
499 2280
499 2227
447 2227
447 2176
500 2175
187 2123
291 2123
291 2071
343 2071
343 2111
395 2111
395 2072
447 2072
447 2019
500 2019
407 2019
291 2019
344 2019
291 1967
251 1967
251 1915
343 1915
343 1956
343 1863
395 1863
395 1956
447 1863
447 1956
395 1759
303 1863
199 1915
199 1851
240 1863
239 1747
239 1799
199 1799
239 1707
291 1707
343 1707
343 1747
303 1747
343 1799
303 1799
343 1655
291 1603
291 1447
251 1603
251 1551
239 1655
239 1488
292 1331
291 1279
344 1279
291 1239
395 1239
447 1239
447 1279
408 1279
408 1331
356 1331
356 1383
303 1383
396 1383
500 1279
447 1187
395 1187
395 1135
448 1135
395 1083
499 1083
499 1228
551 1083
551 1123
603 1123
603 1175
563 1175
655 1175
655 1227
707 1227
707 1188
759 1188
759 1136
811 1136
811 1175
863 1175
863 1227
823 1227
771 1227
823 1279
771 1279
667 1279
771 1332
771 1383
667 1383
615 1383
615 1343
708 1343
615 1239
563 1239
563 1343
563 1291
563 1383
667 1435
616 1435
616 1487
563 1487
563 1447
511 1447
511 1395
511 1487
460 1487
460 1591
407 1591
407 1499
407 1447
447 1447
447 1344
500 1344
355 1447
356 1499
356 1540
355 1591
407 1696
460 1748
511 1539
511 1592
551 1539
551 1643
512 1643
512 1748
551 1695
603 1695
603 1656
656 1656
603 1539
603 1592
707 1539
759 1539
759 1591
667 1591
811 1591
811 1643
719 1643
811 1747
771 1747
771 1707
719 1707
667 1707
719 1747
667 1747
564 1747
564 1799
459 1799
564 1851
511 1851
564 1903
564 1955
511 1955
511 1915
603 1903
603 2007
563 2007
603 2111
511 2111
511 2072
552 2072
459 2111
603 2163
564 2163
564 2268
603 2267
655 2267
655 2319
511 2319
708 2319
707 2267
707 2227
759 2227
759 2175
667 2227
667 2176
708 2176
655 2007
655 2059
655 2111
708 2111
708 2059
759 2007
759 2059
759 2112
811 2059
811 2111
811 2164
915 2111
967 2111
1019 2111
1019 2163
980 2163
980 2215
927 2215
927 2175
875 2175
824 2215
824 2267
772 2267
772 2320
863 2267
863 2319
823 2319
915 2267
915 2320
980 2268
1019 2215
1019 2319
979 2319
1175 2319
1227 2319
1227 2279
1175 2279
1083 2279
1072 2215
1123 2163
1123 2215
1176 2215
1123 2123
1175 2123
1175 2163
1227 2163
1227 2216
1279 2163
1279 2268
1227 2123
1083 2123
1019 2071
967 2071
915 2019
1071 2019
1071 2060
1123 2019
1123 2059
1279 2059
1279 2112
1331 2059
1331 2111
1331 2319
1291 2319
1384 2111
1331 2020
1383 2020
1383 1967
1487 1967
1487 2007
1448 2007
1448 2059
1395 2059
1448 2111
1487 2111
1539 2111
1539 2163
1447 2163
1396 2163
1396 2320
1447 2215
1488 2215
1539 2071
1591 2071
1591 2111
1643 2111
1643 2163
1604 2163
1604 2215
1551 2215
1695 2111
1747 2111
1747 2071
1799 2071
1799 2163
1759 2163
1708 2163
1708 2215
1656 2215
1656 2267
1603 2267
1551 2267
1447 2267
1551 2319
1447 2319
1603 2320
1656 2320
1759 2215
1759 2267
1707 2267
1759 2319
1707 2319
1799 2215
1799 2268
1747 2019
1800 2019
1747 1968
1799 1968
1851 1968
1851 1916
1903 1916
1903 1955
1903 2007
1864 2007
1864 2059
1903 2059
1903 2111
1864 2111
1864 2215
1903 2215
1955 2215
1955 2267
1863 2267
1955 2319
1811 2319
2008 2319
2007 2267
2007 2228
2059 2228
2059 2320
2059 2175
1955 2175
1903 2175
2007 1955
2007 2007
1968 2007
1968 2111
2007 2111
2007 2164
2059 2111
2111 2111
2163 2111
2163 2163
2163 2215
2123 2215
2123 2175
2123 2267
2163 2267
2163 2319
2123 2319
2215 2267
2215 2319
2267 2319
2320 2319
2267 2279
2320 2279
2267 2227
2320 2227
2267 2176
2320 2176
2227 2227
2227 2163
2215 2111
2215 2072
2267 2072
2267 2112
2319 2072
2319 2112
2163 2071
2111 2019
2215 2019
2215 1967
2319 1967
2319 2007
2279 2007
2319 1915
2215 1915
2267 1915
2267 1863
2215 1811
2267 1811
2319 1811
2319 1852
2267 1759
2215 1707
2267 1707
2267 1655
2319 1655
2319 1748
2319 1551
2279 1551
2279 1499
2320 1499
2279 1448
2319 1448
2319 1395
2123 1499
2123 1447
2164 1447
2123 1395
2215 1395
2215 1436
2123 1343
2164 1343
2123 1291
2215 1291
2215 1331
2267 1331
2267 1384
2319 1331
2319 1291
2279 1291
2215 1240
2268 1240
2123 1239
2163 1239
2163 1188
2215 1188
2319 1188
2319 1228
2319 1135
2319 927
2319 823
2319 771
2280 823
2280 863
2227 863
2227 823
2175 863
2175 771
2267 771
2267 719
2320 719
2267 667
2320 667
2267 615
2319 615
2319 563
2267 563
2267 511
2319 511
2319 459
2267 459
2227 511
2227 459
2175 511
2175 459
2123 459
2071 459
2123 551
2071 551
2071 511
2020 551
2020 603
1967 603
2020 655
1967 655
1915 655
1863 655
1863 615
1811 655
1811 615
1811 511
1851 511
1851 552
1903 511
1903 551
1903 604
1956 551
2007 511
2007 459
2007 407
2111 407
2215 407
2319 407
2319 303
2123 303
2215 356
2268 356
2111 356
2164 356
2007 355
2059 355
2059 303
2007 303
2007 251
2059 251
2059 199
1967 251
1967 199
2007 199
2007 147
1967 95
2007 95
2059 95
2059 135
2111 135
2111 240
2163 135
2163 187
2163 239
2267 239
2267 199
2319 199
2319 240
2319 147
2267 147
2267 96
2319 96
2319 43
2227 43
2227 147
2216 187
2059 44
2111 44
2111 83
2216 83
2164 44
2007 43
1967 43
1916 95
1916 135
1863 135
1863 95
1811 199
1811 147
1811 239
1759 239
1759 199
1759 147
1759 95
1799 95
1799 44
1904 44
1759 43
1707 43
1655 43
1707 84
1707 147
1707 199
1759 292
1811 292
1811 343
1811 395
1759 395
1759 355
1707 395
1759 447
1800 447
1851 395
1851 447
1759 511
1759 615
1759 563
1707 563
1707 511
1655 511
1759 655
1707 655
1707 615
1655 655
1655 615
1551 655
1551 615
1499 615
1499 563
1499 511
1539 511
1539 552
1591 511
1591 551
1591 604
1644 551
1499 459
1447 459
1447 408
1488 408
1447 500
1447 563
1395 563
1395 459
1343 563
1343 511
1291 511
1291 459
1331 459
1331 407
1384 407
1331 356
1383 356
1435 356
1435 303
1487 303
1591 303
1643 303
1643 343
1604 343
1604 395
1604 447
1551 447
1551 355
1499 355
1696 447
1644 395
1696 343
1696 303
1591 252
1696 252
1487 251
1539 251
1539 199
1644 199
1539 43
1591 43
1591 83
1591 136
1643 83
1643 136
1500 43
1500 83
1447 83
1395 83
1447 135
1395 135
1343 135
1343 44
1436 44
1395 188
1487 199
1487 147
1447 199
1435 251
1383 303
1291 407
1291 355
1239 459
1343 603
1291 603
1291 563
1239 563
1239 511
1187 563
1187 511
1083 511
1083 407
1083 355
1175 355
1175 395
1136 395
1136 447
1176 447
1227 355
1227 396
1227 303
1187 303
1083 304
1124 304
1031 407
1031 303
979 303
927 303
927 252
1019 252
1072 252
1019 199
1071 199
1123 199
1123 239
1227 239
1279 239
1279 292
1331 239
1331 292
1384 239
1227 199
1187 199
1123 96
1175 96
1175 136
1227 96
1227 135
1279 135
1279 187
1332 187
1279 96
1279 43
1175 43
1228 43
1135 43
1071 147
1071 95
1071 43
1031 95
1031 43
980 95
980 135
927 135
927 43
968 43
875 43
823 43
771 43
719 43
771 84
823 135
1031 147
927 199
979 344
980 407
980 499
928 499
928 603
875 603
875 563
875 459
823 459
823 355
863 355
915 355
915 395
875 395
915 448
863 303
771 355
771 303
771 251
771 199
811 199
811 239
811 292
863 239
863 199
771 147
719 251
719 303
719 355
771 395
719 395
667 395
667 355
563 395
511 395
563 447
511 447
459 447
407 447
355 447
355 407
447 407
447 355
447 303
499 303
499 343
551 343
551 251
604 251
551 199
511 199
511 147
603 147
603 188
655 147
655 291
616 291
616 344
707 147
707 188
707 95
563 95
563 44
656 44
511 43
459 147
459 199
499 251
407 303
407 251
448 251
407 147
355 355
303 355
303 252
343 252
343 292
252 355
252 396
303 396
355 551
303 551
303 511
303 459
251 511
251 447
252 292
343 187
343 95
343 43
395 43
395 83
447 83
447 43
239 43
407 2227
2059 1955
2059 2019
2059 2071
2007 2071
1551 1962
1643 1962
1643 2059
1695 2059
1551 2019
1592 2019
759 1962
811 1962
811 2008
863 1962
863 2019
863 2060
1239 1910
1279 1910
1279 1967
1279 2019
1123 1968
1175 1968
1175 2008
1239 1968
1227 2008
863 1910
915 1910
199 2008
251 2019
199 2071
147 2123
136 2163
135 2059
135 1967
136 1903
667 1800
719 1851
667 1851
719 1903
667 1903
603 1799
603 1852
863 1643
863 1696
915 1643
915 1747
875 1747
1019 1643
1019 1695
980 1695
980 1799
772 1799
772 1851
812 1851
1019 1799
1019 1955
979 1955
1071 1955
968 1910
915 1864
968 1864
863 1863
811 1915
667 1955
708 1955
760 1903
1707 1546
1799 1546
1799 1591
1759 1591
1799 1643
1799 1695
1759 1695
1759 1655
1707 1695
1707 1603
1030 1442
1071 1442
1123 1442
1123 1487
1030 1487
2018 1291
2071 1395
2071 1343
2071 1499
2123 1540
2175 1551
2279 1592
2123 1655
2123 1603
2216 1603
2071 1603
2071 1551
2020 1551
2020 1592
2123 1695
2072 1695
2072 1747
2112 1747
2176 1707
2176 1799
2072 1799
2072 1851
2019 1851
2072 1903
2112 1903
2112 1851
2176 1852
2175 1915
2175 1967
2111 1967
2007 1915
1955 1916
1955 1863
1915 1863
1799 1863
1759 1863
1759 1812
1851 1812
1851 1852
1759 1904
1707 2019
1695 1962
1695 1811
1643 1811
1643 1760
1696 1760
1603 1811
1551 1811
1551 1707
1551 1904
1603 1904
1487 2071
1383 1915
1435 1915
1487 1915
1487 1811
1435 1811
1435 1760
1488 1760
1395 1811
1395 1759
1343 1759
1343 1707
1343 1915
1071 1799
1071 1903
1123 1903
1175 1903
1175 1863
1123 1863
1071 1708
1175 1708
1175 1747
1175 1799
1135 1799
1135 1759
1228 1799
1279 1747
1279 1799
1279 1851
1239 1851
1384 1851
1332 1799
1279 1707
1227 1708
1227 1655
1175 1655
1175 1603
1228 1603
1175 1551
1135 1603
1135 1655
1072 1643
915 1603
1019 1603
1071 1603
1071 1552
1124 1552
1019 1551
915 1551
967 1551
967 1499
915 1499
875 1499
863 1551
823 1551
707 1500
759 1500
759 1447
811 1447
811 1488
719 1447
656 1487
811 1332
811 1384
863 1332
915 1332
915 1435
875 1435
875 1395
967 1332
967 1383
967 1436
1030 1383
1279 1487
1279 1539
1239 1539
1279 1591
1279 1644
1331 1591
1331 1643
1383 1643
1383 1696
1331 1552
1383 1552
1383 1591
1435 1591
1435 1695
1488 1695
1487 1591
1487 1643
1539 1643
1591 1643
1591 1748
1643 1643
1643 1695
1799 1747
1759 1747
1851 1695
1851 1747
1903 1747
1903 1800
1955 1747
1955 1799
2007 1799
2007 1759
1955 1708
2008 1708
1904 1695
2060 1643
1903 1591
1955 1591
1955 1499
2007 1499
2007 1447
2060 1447
1915 1447
1915 1395
1955 1395
2018 1395
863 1279
2018 1182
2059 1182
2059 1239
1707 1078
1799 1078
1799 1123
1707 1123
1550 1026
1643 1026
1695 1026
1799 1026
1851 1078
1955 1078
1955 1123
1955 1182
1915 1175
1915 1135
1863 1175
1863 1135
1863 1227
1811 1227
1759 1227
1811 1279
1759 1279
1811 1332
1955 1291
1915 1291
1915 1240
1956 1240
1863 1291
1915 1343
1863 1343
1863 1499
1863 1395
1812 1395
1812 1435
1759 1435
1759 1395
1759 1343
1707 1395
1655 1395
1707 1435
1603 1435
1759 1487
1656 1487
1656 1540
1811 1499
1863 1540
1903 1551
1655 1603
1591 1551
1539 1603
1487 1552
1540 1552
1436 1552
1331 1487
1384 1487
1331 1447
1435 1447
1435 1488
1435 1395
1539 1395
1539 1487
1499 1487
1499 1447
1592 1487
1539 1343
1591 1343
1591 1384
1643 1343
1696 1343
1643 1240
1695 1240
1695 1280
1539 1291
1592 1291
1539 1240
1591 1240
1591 1187
1800 1187
1591 1136
1644 1136
1551 1187
1550 1083
1644 1083
239 1019
239 1083
303 1135
303 1187
199 1239
239 1175
239 1135
719 974
759 974
759 1019
811 1019
811 1071
771 1071
863 1071
863 1123
551 1031
603 1031
603 1072
655 1031
655 1123
708 1123
719 1031
707 1072
1499 870
1539 870
1539 916
1643 870
1695 870
1695 915
1655 915
1695 967
1643 979
1447 1026
1395 1026
1395 979
1435 979
1591 979
1591 927
1435 927
1499 927
1759 818
1799 818
1799 863
1799 916
1851 863
1851 967
1759 870
1747 916
1915 759
1863 759
1863 719
1811 719
1019 603
1019 655
980 655
980 707
928 707
1447 603
1396 603
1396 760
1499 655
1448 655
1448 811
1487 811
1487 771
1591 771
1643 771
1643 811
1539 824
1592 824
1435 875
1395 875
1395 823
1343 823
1343 771
1395 927
1291 927
1291 875
1332 875
1291 823
1135 875
1291 1020
1343 979
1344 1026
1344 1072
1447 1072
1499 1187
1499 1083
1435 1343
1488 1343
1435 1292
1488 1292
1395 1395
1395 1343
1395 1291
1291 1343
1291 1291
1332 1291
1291 1188
1435 1188
1435 1227
1343 1227
1488 1227
1435 1135
1395 1135
1395 1083
1291 1384
1331 1395
1279 1447
1239 1447
1175 1442
1175 1395
1228 1395
1175 1344
1228 1344
1135 1395
1071 1395
1019 1332
1019 1291
967 1291
915 1291
916 1227
915 1123
915 1175
967 1175
967 1228
1019 1175
1019 1135
1071 1135
1071 1084
1123 1084
1123 1123
1123 1228
1175 1123
1175 1227
1175 1279
1136 1279
1136 1331
1083 1331
1083 1239
1083 1187
1031 1239
1228 1279
1227 1227
1227 1083
1279 1083
1279 1123
1332 1123
1227 1031
1187 1031
1176 1084
1123 1031
1019 1031
915 1071
967 1071
967 1124
915 1032
968 1032
863 1019
863 980
915 980
915 876
967 876
1071 876
1071 915
1031 915
1071 967
979 967
979 927
1071 1020
1123 915
1123 967
1176 967
1227 915
1227 968
1071 771
1123 771
1123 811
1176 811
1123 720
1175 720
1175 667
1227 667
1227 707
1291 707
1279 759
1239 759
1187 759
1239 812
1343 713
1239 603
1187 615
2228 563
2228 656
2175 719
2216 719
2175 667
2175 563
2123 667
2123 615
2123 708
2227 915
2123 915
2123 875
2019 915
2279 927
2279 1135
2215 1135
2175 1135
2175 1083
2215 1083
2268 1083
2215 1031
2267 1031
2267 979
2175 979
2123 1031
2124 1083
2124 1124
2123 1187
2059 1135
2008 1123
1955 1032
2007 1032
2007 1071
2059 1071
2059 979
2112 979
1967 979
1967 927
1916 979
1916 1020
1851 1031
1851 823
1696 811
1696 771
1591 719
1551 719
1487 719
1707 707
1655 707
1759 760
1811 759
1915 811
1956 811
1967 707
2007 707
2007 759
1967 759
2007 863
1916 863
1916 916
2059 863
2059 823
2111 759
2111 812
2059 707
2059 615
251 551
199 551
355 603
251 603
355 655
303 655
355 708
395 655
395 707
447 707
447 760
499 707
499 667
459 667
407 552
459 552
511 499
511 552
551 499
551 552
603 499
603 460
667 460
655 499
655 551
615 551
655 604
759 499
759 551
759 603
719 603
719 563
719 655
615 655
615 615
759 655
812 655
811 563
811 604
928 759
875 759
875 667
823 759
823 719
771 719
771 759
719 759
719 719
667 759
667 719
563 719
563 615
407 615
719 811
615 811
615 771
615 863
563 863
563 823
563 771
511 771
459 823
407 823
407 771
355 823
355 771
251 771
251 719
292 719
251 667
199 719
200 771
200 812
407 863
355 863
303 863
303 823
251 823
355 915
251 915
251 875
199 875
459 916
615 915
656 915
656 863
771 811
863 811
863 915
823 915
916 811
980 759
1020 759
1071 707
967 824
1020 824
811 979
759 927
759 875
812 875
719 875
719 927
655 979
511 1031
511 979
604 979
511 927
552 927
511 875
395 1031
448 1031
395 979
448 979
395 927
355 1031
239 979
291 979
291 1020
344 979
199 979
135 928
188 928
135 811
135 864
135 707
135 760
188 655
188 603
1031 448
1135 615
1135 563
1083 563
1031 563
1083 604
1083 667
980 552
1020 499
1903 343
1903 407
1967 459
1904 447
812 499
759 459
719 448
1903 239
1903 303
1967 355
1852 292
875 84
303 95
Edge
1724
0 1
1 2
2 3
3 4
4 5
3 6
1 7
7 8
8 9
9 10
10 11
11 12
12 13
13 14
14 15
15 16
16 17
17 18
18 19
19 20
18 21
21 22
21 23
15 24
24 25
25 26
26 27
26 28
28 29
25 30
30 31
31 32
32 33
33 34
33 35
32 36
24 37
37 38
38 39
39 40
40 41
40 42
42 43
43 44
44 45
45 46
46 47
45 48
48 49
49 50
50 51
51 52
52 53
52 54
54 55
55 56
55 57
57 58
57 59
59 60
60 61
61 62
61 63
63 64
64 65
65 66
66 67
67 68
66 69
64 70
70 71
71 72
72 73
73 74
74 75
75 76
76 77
77 78
78 79
79 80
80 81
80 82
80 83
79 84
84 85
85 86
85 87
79 88
78 89
89 90
89 91
78 92
92 93
77 94
94 95
94 96
96 97
97 98
98 99
98 100
97 101
101 102
101 103
103 104
104 105
105 106
106 107
105 108
108 109
109 110
110 111
111 112
112 113
113 114
112 115
115 116
115 117
117 118
117 119
119 120
119 121
121 122
121 123
123 124
124 125
125 126
125 127
127 128
127 129
129 130
130 131
124 132
132 133
133 134
132 135
135 136
136 137
136 138
138 139
139 140
140 141
140 142
142 143
143 144
143 145
145 146
145 147
147 148
148 149
149 150
148 151
151 152
152 153
152 139
135 154
154 155
155 156
156 157
157 158
158 159
159 160
160 161
161 162
162 163
162 164
156 165
165 166
165 167
167 168
168 169
169 170
170 171
170 172
172 173
173 174
173 175
175 176
173 177
172 178
169 179
179 180
180 181
180 110
104 182
182 183
183 184
182 185
185 186
186 187
187 188
188 189
188 190
190 191
187 192
186 193
193 194
193 195
195 196
185 197
75 198
74 199
72 200
200 201
200 202
202 203
203 204
204 205
205 206
206 207
207 208
208 209
209 210
209 211
205 212
204 213
203 214
214 215
215 216
215 217
217 218
218 219
218 220
220 221
221 222
222 223
223 224
223 225
225 226
226 227
227 228
228 229
229 230
230 231
231 232
232 233
233 234
234 235
235 236
235 237
237 238
238 239
238 240
240 241
241 242
242 243
243 244
244 245
244 246
246 247
244 248
248 249
243 250
242 251
251 252
252 253
253 254
254 255
255 256
256 257
254 258
258 259
259 260
260 261
261 262
262 263
263 264
264 265
265 266
263 267
262 268
268 269
261 270
261 271
260 272
258 273
273 274
273 275
275 276
276 277
277 278
276 279
279 280
280 281
281 282
275 283
283 284
283 285
285 286
286 287
287 288
287 289
289 290
290 291
290 292
292 293
293 294
294 295
295 296
295 297
297 298
298 299
299 300
300 301
300 302
302 303
302 304
304 305
305 306
306 307
304 308
308 309
309 310
309 311
311 312
312 313
313 314
312 315
311 316
316 317
317 318
316 319
319 320
320 321
321 322
321 323
320 324
324 325
325 326
326 327
325 328
328 329
329 330
309 331
331 332
332 333
333 334
332 335
331 336
336 337
337 338
337 339
339 340
340 341
340 342
342 343
343 344
344 345
345 346
346 347
347 348
348 349
349 350
348 351
351 352
352 353
353 354
352 355
355 356
356 357
355 358
358 359
347 360
347 361
361 362
362 363
362 364
364 365
365 366
364 367
367 368
361 369
345 370
370 371
371 372
370 373
373 374
374 375
375 376
376 377
376 378
378 379
376 380
373 381
344 382
343 383
342 384
384 385
385 386
385 387
387 388
388 389
389 390
389 391
391 392
392 393
393 394
392 395
391 396
396 397
397 398
398 399
399 400
400 401
401 402
402 403
402 404
404 405
405 406
406 407
407 408
408 409
409 410
408 411
411 412
406 413
413 414
414 415
415 416
416 417
417 418
418 419
419 420
416 421
421 422
422 423
423 424
424 425
425 426
426 427
427 428
428 429
429 430
430 431
431 432
432 433
432 434
434 435
431 436
430 437
426 438
438 439
439 440
439 441
441 442
438 443
443 444
423 445
445 446
445 447
447 448
448 449
449 450
450 451
451 452
452 453
453 454
454 455
455 456
456 457
457 458
458 459
459 460
460 461
461 462
462 463
462 464
464 465
464 466
462 467
467 468
468 469
469 470
469 471
461 472
460 473
452 474
474 475
475 476
476 477
477 478
478 479
478 480
480 481
481 482
482 483
483 484
484 485
485 486
485 487
487 488
488 489
489 490
488 491
491 492
492 493
493 494
493 495
495 496
495 497
497 498
497 499
499 500
497 501
501 502
502 483
482 503
503 504
504 505
505 506
505 507
507 508
482 509
481 510
510 511
511 512
512 513
513 514
514 515
513 516
512 517
517 518
518 519
517 520
520 521
521 522
522 523
521 524
520 525
525 526
526 527
527 528
528 529
528 530
530 531
531 532
532 533
532 534
534 535
535 536
532 537
537 538
538 539
538 540
540 541
541 542
540 543
543 544
543 545
545 546
546 547
547 548
548 549
548 550
550 551
551 552
546 553
553 554
545 555
555 556
556 557
557 558
558 559
559 560
559 561
561 562
562 563
563 564
563 565
565 566
566 567
567 568
567 569
569 570
570 571
571 572
572 573
572 574
574 575
574 576
576 577
577 578
576 579
579 580
580 581
581 582
580 583
580 584
584 585
584 586
586 587
587 588
588 589
588 590
590 591
591 592
591 593
593 594
594 595
594 596
596 597
597 598
598 599
599 600
599 601
601 602
602 603
603 604
604 605
604 606
606 607
607 608
607 609
606 610
610 611
611 612
612 613
613 614
614 615
615 616
616 617
614 618
618 619
613 620
620 621
612 622
622 623
623 624
622 625
625 626
626 627
627 628
626 629
629 630
630 631
631 632
630 633
633 634
634 635
635 636
636 637
637 638
637 639
639 640
640 641
641 642
642 643
643 644
644 645
644 646
643 647
647 648
648 649
649 650
650 651
647 652
640 653
635 654
654 655
655 656
656 657
655 658
634 659
659 660
633 661
661 662
662 663
663 664
630 665
665 666
665 667
667 668
668 669
669 670
670 671
671 672
672 673
673 674
671 675
675 676
676 677
676 678
670 679
669 680
668 681
667 682
682 683
683 684
684 685
685 686
685 687
685 688
688 689
684 690
690 691
691 604
603 692
602 693
693 694
694 695
695 696
696 697
601 698
698 699
699 700
699 701
701 702
701 703
703 704
704 705
705 706
706 707
707 708
708 709
708 710
710 711
711 712
711 713
707 714
714 715
715 716
716 717
715 718
706 719
719 720
720 721
720 722
722 723
723 724
724 725
725 726
726 727
727 728
727 729
729 730
730 731
731 732
732 733
733 734
734 735
735 736
736 737
737 738
738 739
739 740
740 741
741 742
739 743
738 744
736 745
735 746
734 747
747 748
733 749
749 750
750 751
751 752
751 753
753 754
754 755
755 756
755 757
757 758
753 759
759 760
760 761
761 762
761 763
763 764
764 765
765 766
766 767
764 768
749 769
769 770
769 771
732 772
730 773
727 774
774 775
725 776
722 777
777 778
778 779
779 780
780 781
780 782
782 783
783 784
784 785
785 786
786 787
787 788
788 789
789 790
790 791
787 792
792 793
792 794
794 795
786 796
796 797
785 798
798 799
799 800
800 801
801 802
802 803
803 804
803 805
805 806
806 807
807 808
808 809
809 810
810 811
810 812
812 813
812 814
809 815
815 816
807 817
817 818
818 819
818 820
820 821
821 822
822 823
823 824
820 825
825 826
818 827
827 828
827 829
806 830
830 831
831 832
831 833
833 834
833 835
835 836
836 837
837 838
838 839
838 840
840 841
841 842
842 843
842 844
841 845
845 837
830 846
805 847
800 848
798 849
849 850
850 851
851 852
852 853
853 854
854 855
855 856
856 857
857 858
858 859
859 860
860 861
860 862
858 863
857 864
864 865
865 866
866 867
867 868
868 869
869 870
869 871
871 872
867 873
866 874
865 875
864 876
864 877
877 878
878 879
879 880
879 881
881 882
881 883
883 884
884 885
885 886
886 887
887 888
888 889
889 890
890 891
891 892
892 893
893 894
894 895
895 896
895 897
897 898
898 899
899 900
900 901
900 902
902 903
903 904
904 905
902 906
906 907
906 908
908 909
909 910
910 911
899 912
899 913
898 914
892 915
891 916
916 917
917 918
917 919
890 920
920 921
921 922
922 923
923 924
921 925
925 926
921 927
920 888
887 928
928 929
929 930
930 931
930 932
932 933
933 37
14 934
12 935
935 936
936 937
937 938
938 939
939 940
940 941
937 942
942 9
151 943
474 944
944 945
945 510
480 946
478 947
948 949
949 950
950 951
951 421
413 952
952 953
952 948
954 955
955 956
955 957
957 958
958 959
958 384
336 954
960 961
961 962
962 398
389 963
387 964
964 965
965 966
965 967
967 968
967 960
969 970
970 384
957 969
179 971
165 972
156 973
154 974
123 975
119 976
976 977
112 978
298 979
297 980
980 981
980 982
982 983
983 308
300 984
984 985
290 986
986 987
986 988
988 989
989 990
988 991
991 992
992 993
993 994
994 995
995 996
996 997
992 998
998 999
999 1000
999 1001
1001 385
970 1002
970 1003
1003 1004
969 1005
955 1006
983 1007
1007 1008
982 1009
1010 1011
1011 1012
1012 1013
1012 1014
1014 1015
1015 1016
1016 1017
1016 1018
1018 1019
1019 1010
1020 1021
1021 1022
1022 1023
1023 1024
1024 1020
1025 545
540 1026
1026 1027
537 1028
537 1029
531 1030
531 1031
527 1032
1032 1033
1033 1034
1033 1035
1035 1036
1036 1037
1037 1038
1032 1039
1039 1040
1040 1041
1041 1042
525 1043
1043 1044
1044 1045
1045 1046
1046 1047
1046 1048
1048 1049
1046 1050
1044 1051
517 1052
512 1053
510 1054
474 1055
451 1056
1056 1057
1057 1058
448 1059
1059 1060
1060 1061
1061 1062
1062 1063
1060 1064
445 1065
949 1066
1066 1067
949 1068
1068 1069
1069 1070
1068 1071
1071 1072
1072 1073
1072 1074
1071 1075
405 1076
398 1077
1077 1078
1078 1079
1079 1080
1078 1081
1081 1082
1082 1083
1081 1084
1084 1085
1085 1086
1086 1087
1077 1088
998 1089
1089 1090
1090 1091
1091 1092
1092 1093
1091 1094
1089 1095
1095 1096
1096 1097
1097 1098
1098 1099
1099 1100
1098 1101
1097 1102
1102 1103
1103 1104
1104 1105
1104 1106
1103 1107
1102 1108
1096 1109
1109 1110
1096 1111
1111 1112
1112 1113
1112 1114
1112 1115
1111 1116
991 1117
988 1118
1118 1119
1119 1120
1120 1121
1121 1122
1119 1123
1118 1124
1124 1125
1125 1126
1124 1127
1127 1128
986 1129
1129 1130
285 1131
1131 1132
1132 1133
1133 1134
1134 1135
1133 1136
253 1137
240 1138
1138 1139
1138 1140
1140 1141
1141 1142
1142 1143
1143 1144
1141 1145
1145 1146
1146 1147
1146 1148
1148 1020
1023 1149
1149 1150
1150 1151
1150 1152
1152 1153
1152 1154
1154 1155
1155 1156
1156 1157
1154 1158
1158 1159
1159 1160
1160 1161
1161 1162
1162 1163
1161 1164
1164 1165
1165 1166
1166 1167
1167 1168
1167 1169
1169 1170
1170 1018
1015 1171
1171 1172
1015 1173
1173 1174
1174 1175
1175 1176
1175 1177
1177 1178
1178 1179
1179 1180
1177 1181
1181 1182
1173 1183
1014 1184
1012 1185
1185 1186
1186 1187
1187 1188
1188 1189
1189 1190
1189 1191
1191 1192
1192 1193
1193 1194
1194 1025
237 1195
1195 1140
1196 1197
1197 1198
1198 555
1025 1196
1199 1200
1200 1201
1201 1202
1202 1199
1203 1204
1204 1205
1205 1206
1206 1200
1200 1207
1207 1208
1208 1209
1209 1210
1210 1211
1211 1212
1211 1213
1213 1214
1213 1215
1215 1216
1216 1217
1216 1218
1218 1219
1218 1220
1210 1196
1193 1221
1221 1222
1222 1223
1223 1224
1222 1225
1192 1226
1226 1227
1187 1228
1228 1229
1229 1230
1230 1231
1231 1232
1232 1233
1233 1234
1233 1235
1235 1236
1235 1237
1237 1238
1232 1239
1239 1240
1240 1241
1228 1242
1228 1243
1185 1244
1019 1245
1167 1246
1166 1247
1164 1248
1248 1249
1159 1250
1149 1251
1251 1252
1251 1253
1253 1254
1254 1255
1254 1256
1256 1257
1257 1258
1258 1259
1259 1260
1258 1261
1257 1262
1262 1263
1263 1264
1263 1265
1265 1266
1265 1267
1267 1268
1268 1269
1262 1270
1270 1271
1270 1272
1272 1273
1273 1274
1274 1275
1274 1276
1276 1277
1274 1278
1278 1279
1279 1280
1279 1203
60 1281
1281 1282
1282 217
215 1283
214 1284
202 1285
70 1286
1286 1287
1288 1289
1289 1290
1290 1291
1291 1292
1292 1293
1292 1294
1294 1295
1295 233
220 1296
1296 1297
1297 1298
1297 1299
1299 1300
1300 1301
1299 1302
1302 1303
1302 1288
1304 1305
1305 1306
1305 1307
1307 1308
1308 1309
1309 1310
1309 1311
1311 1205
1204 1312
1203 1313
1313 1314
1314 1315
1315 1316
1316 1317
1317 1318
1316 1319
1319 1320
1320 1304
1321 1322
1322 1323
1323 1324
1323 1325
1325 1326
1326 1311
1308 1327
1327 1328
1327 1321
598 1329
1329 1330
1330 1331
1331 1332
1332 601
852 1333
1333 1334
1334 1335
1335 1336
1336 1337
1337 852
719 1338
1338 1339
1339 1340
705 1341
1341 1342
1342 1343
1343 1344
1344 1345
1345 1346
1346 1347
1347 1348
1348 1307
1305 1349
1349 1350
1319 1351
1351 1352
1352 1353
1353 1354
1354 1355
1315 1356
1356 1357
1357 1358
1358 1359
1358 1360
1358 1361
1357 1362
1315 1363
1314 1364
1364 1365
1313 1366
1278 1367
1367 1368
1256 1369
1369 1370
1369 1371
1371 1372
1256 1373
1373 1374
1374 1375
1374 1376
1376 1377
1377 1378
1377 1379
1379 1380
1380 1381
1381 1382
1381 1383
1380 1384
1384 1385
1385 1386
1376 1387
1253 1388
1149 1389
1389 1390
1022 1391
1391 1392
1392 1393
1392 1394
1394 1395
1392 1396
1021 1397
1145 1398
1398 1399
1145 1400
1141 1401
234 1402
1295 1403
1403 1404
1404 1405
1405 1406
1405 1407
1407 1408
1408 1409
1409 1410
1410 1411
1411 1412
1412 1413
1412 1414
1414 1415
1415 1416
1416 1417
1417 1418
1418 1419
1419 1420
1420 1421
1420 1422
1416 1423
1415 1424
1424 1425
1425 1426
1426 1427
1427 1428
1425 1429
1429 1430
1411 1431
1411 1432
1408 1433
1294 1434
1434 1435
1435 1436
1434 1437
1437 1438
1291 1439
1439 1440
1440 1441
1441 1442
1442 1443
1443 1444
1444 1445
1445 1446
1445 1447
1447 1448
1448 1449
1447 1450
1445 1451
1451 1452
1452 1453
1451 1454
1454 1455
1444 1456
1456 1457
1457 1458
1458 1459
1457 1460
1460 1461
1461 1462
1462 1463
1463 1464
1464 1465
1465 1466
1466 1467
1467 1468
1467 1469
1465 778
777 1470
778 1471
1462 1472
1472 782
579 1473
1473 1474
570 1475
1475 1476
1475 1477
1477 1478
1477 1479
1479 1480
1479 1481
567 1482
1482 1483
1483 1484
1483 1485
562 1486
561 1487
558 1488
1488 1489
1489 1490
1490 1491
1491 1492
1491 1493
1493 1494
1494 1495
1495 1496
1493 1497
1490 1498
1498 1499
555 1500
1197 1501
1209 1502
1208 1503
1503 1504
1504 1505
1505 1506
1506 1507
1507 1508
1507 1509
1509 1510
1509 1511
1511 1512
1207 1513
1325 1514
1348 1515
1347 1516
1346 1517
1517 1518
1345 1519
699 1520
1520 1521
698 1522
1330 1523
1329 1524
1524 1525
597 1526
1526 1527
1527 1528
1528 1529
1528 1530
1530 1531
1531 1532
1530 1533
1533 1534
1528 1535
1535 1536
1527 1537
1537 1538
932 1539
1539 1540
928 1541
1541 1542
1541 1543
1543 1544
1543 1545
1543 1546
1546 1547
1547 1548
1548 1549
1548 1550
1550 1551
1551 1552
886 1553
885 1554
884 1555
1555 1556
1555 1557
1557 1558
1557 1559
1559 1560
1560 1561
1561 1562
1562 1563
1563 1564
1563 1565
1562 1566
1566 1567
1567 1568
1568 1569
1569 1570
1569 1571
1571 1572
1572 1573
1568 1574
1574 1575
1567 1576
1576 1577
1576 854
1337 1578
1578 1579
1579 1580
1579 1581
1581 1582
1582 1583
1581 1584
1584 1585
1585 1586
1585 1587
1587 1588
1588 1589
1589 1590
1590 1591
1585 1592
1592 1593
1593 1594
1593 1595
1595 1596
1596 1597
1597 1598
1598 1599
1597 1600
1600 1601
1601 1602
1601 1603
1603 1604
1604 1605
1605 1606
1606 1607
1606 1608
1606 1609
1605 1610
1610 1611
1601 1612
1612 1613
1613 1614
1614 1615
1615 1616
1613 1617
1617 1618
1618 1619
1619 1620
1600 1621
1595 1622
1622 1623
1595 1624
1584 1625
1625 1626
1626 1627
1627 1628
1626 1629
1336 1630
1630 1631
1336 1632
1632 1456
1443 1633
1633 1634
1291 1635
1289 1636
1636 1637
1637 1638
1637 1639
1636 1640
1299 1641
1296 1642
1642 1643
1643 1644
1643 1645
1645 1646
1645 1647
217 1648
1648 1649
1648 1650
1650 1651
1650 1652
1648 1653
1281 1654
1654 1655
1655 1656
1655 1657
1654 1658
59 1659
1659 1660
54 1661
1661 1662
49 1663
1663 1664
44 1665
43 1666
798 1667
1472 1668
1668 1669
1669 1670
1670 1671
1670 1672
1462 1673
850 1674
850 1675
879 1561
683 1676
1676 1677
1677 612
611 1678
691 1679
1566 1680
1566 1681
878 1682
667 1683
1683 1684
1684 625
622 1685
682 1686
840 1687
936 1688
