Vertice
1331
147 33
194 33
194 86
194 140
194 194
153 194
153 302
98 302
98 260
98 153
140 153
140 98
98 98
98 44
44 98
44 44
44 141
44 260
44 206
194 302
248 302
303 302
248 260
356 260
356 357
410 260
410 302
464 302
464 356
422 356
464 410
422 410
518 410
572 410
572 464
476 464
423 464
423 519
476 519
518 369
626 369
626 410
681 410
626 314
680 314
680 357
734 314
788 314
788 410
746 410
746 368
746 464
692 464
638 464
692 518
639 518
639 572
680 572
680 680
638 680
638 638
584 638
584 530
735 680
746 573
843 410
842 314
842 356
896 356
896 410
896 518
854 518
800 518
800 477
843 477
800 626
746 626
854 573
950 518
950 572
950 680
908 680
908 584
854 680
854 638
950 734
908 734
950 788
908 788
854 788
800 788
800 746
843 746
800 692
800 842
746 842
746 800
746 746
692 800
692 746
638 746
638 800
692 842
638 842
692 897
692 950
638 950
638 908
476 908
476 854
573 854
422 854
422 800
518 800
572 800
572 692
518 746
518 692
476 692
476 638
518 638
518 530
476 584
422 638
422 584
368 584
314 638
260 638
260 530
302 530
302 573
357 530
302 477
356 477
356 422
314 422
314 368
260 422
206 422
206 369
249 369
152 422
152 368
98 422
98 368
44 368
44 314
44 411
260 464
206 464
152 530
152 476
98 476
99 530
99 572
44 572
44 476
99 626
99 680
44 680
44 638
44 735
99 788
44 788
140 788
140 842
98 842
44 842
98 896
45 896
45 1004
86 1004
86 1058
86 1112
44 1112
44 1070
44 1274
140 1274
140 1178
302 1178
302 1220
260 1220
356 1220
356 1178
410 1178
464 1178
464 1220
422 1220
464 1274
368 1274
464 1328
422 1328
314 1328
314 1286
260 1328
260 1286
206 1286
206 1232
206 1328
153 1328
153 1382
44 1382
44 1341
87 1341
44 1436
44 1490
86 1490
86 1544
44 1544
86 1598
45 1598
45 1652
45 1706
87 1706
87 1652
140 1544
140 1653
248 1653
248 1706
206 1706
152 1706
206 1760
152 1760
44 1760
152 1814
44 1814
152 1869
206 1815
248 1760
302 1760
302 1814
260 1814
357 1814
302 1653
302 1706
356 1706
356 1761
248 1610
206 1610
206 1544
248 1556
302 1556
302 1599
302 1503
356 1503
356 1599
410 1503
422 1394
464 1394
464 1436
464 1544
422 1544
518 1436
518 1544
518 1598
422 1598
518 1652
422 1652
368 1652
422 1706
422 1761
465 1706
572 1598
572 1706
531 1706
531 1814
476 1814
476 1772
423 1814
423 1868
368 1868
314 1868
368 1976
410 1976
464 1976
464 2030
422 2030
464 2084
464 2138
422 2138
422 2096
368 2096
368 2042
314 2042
314 1988
314 1934
260 1988
260 1880
207 1880
207 1922
98 1922
207 1976
44 1976
44 1881
87 1881
44 2138
87 2138
207 2031
261 2042
261 2085
314 2085
206 2138
206 2096
152 2096
152 2042
98 2096
98 2042
152 2139
626 2084
626 2138
530 2138
680 2138
680 2043
734 2043
788 2043
788 2084
746 2084
842 2084
842 2138
746 2138
897 2138
842 2043
896 2043
896 2085
842 1988
842 1934
842 1880
800 1880
638 1934
638 1880
735 1880
638 1772
734 1772
734 1814
692 1814
788 1772
788 1814
842 1814
842 1772
788 1718
746 1718
746 1664
842 1664
842 1706
896 1706
896 1761
950 1706
950 1760
950 1868
908 1868
908 1826
950 1922
909 1922
909 1976
950 1976
950 2030
1004 2030
1004 2084
963 2084
963 2138
1005 2138
1058 2084
1058 2139
1166 2084
1166 2138
1124 2138
1275 2138
1220 2084
1275 2084
1220 2043
1328 2043
1328 2084
1382 2084
1382 2138
1340 2138
1437 2138
1382 2042
1058 2043
1112 2043
1167 2043
1112 1988
1166 1988
1166 1934
1275 1934
1166 1880
1070 1988
1005 1976
1005 1922
1004 1868
1058 1868
1058 1922
1112 1922
1112 1880
1004 1826
1112 1760
1166 1760
1166 1814
1070 1814
1220 1814
1220 1718
1166 1718
1112 1664
1112 1610
1166 1610
1166 1653
1166 1556
1220 1556
1220 1652
1274 1652
1274 1611
1382 1611
1382 1652
1382 1706
1340 1706
1340 1664
1340 1760
1286 1760
1286 1718
1340 1814
1287 1814
1287 1868
1232 1868
1328 1868
1328 1976
1232 1976
1383 1976
1382 1868
1382 1923
1436 1814
1436 1772
1490 1772
1490 1815
1394 1772
1491 1706
1436 1652
1544 1652
1544 1760
1599 1760
1436 1557
1490 1557
1490 1599
1652 1557
1652 1598
1652 1652
1610 1652
1610 1610
1556 1610
1652 1706
1610 1706
1760 1598
1760 1557
1869 1557
1706 1557
1706 1502
1760 1502
1814 1502
1814 1448
1760 1448
1706 1448
1706 1394
1760 1394
1815 1394
1760 1340
1706 1340
1706 1286
1814 1286
1814 1233
1868 1233
1868 1274
1868 1328
1826 1328
1976 1328
2084 1328
2084 1382
2043 1382
2043 1436
1934 1436
1934 1394
1977 1394
1880 1394
2043 1490
1988 1490
1880 1490
1880 1448
1988 1544
1935 1544
1935 1598
1880 1598
1826 1598
1880 1653
1935 1652
1935 1706
1881 1706
1881 1760
1826 1760
1826 1664
1772 1664
1719 1664
1719 1707
1772 1707
1664 1760
1881 1814
1773 1814
1773 1868
1718 1868
1718 1826
1718 1922
1664 1922
1664 1880
1664 1826
1556 1826
1610 1880
1718 1976
1665 1976
1665 2030
1610 2030
1610 1934
1556 2030
1556 1988
1556 1934
1502 1988
1502 1934
1502 1881
1545 1881
1448 1934
1448 1880
1449 1988
1449 2030
1449 2085
1491 2030
1556 2084
1502 2084
1556 2138
1502 2138
1598 2138
1598 2096
1706 2030
1706 2084
1664 2084
1706 2138
1664 2138
1815 2138
1761 2084
1760 1922
1760 1976
1760 2031
1814 1976
1814 2085
1868 1976
1868 2030
1868 2084
1923 2084
1923 2030
1868 1934
1923 1934
1868 1880
1815 1922
1815 1868
1976 1814
1976 1868
1934 1868
1976 1922
1976 1976
1934 1976
2084 1922
2084 1976
2084 2030
2084 2084
2042 2084
2042 1988
1988 2084
1988 2042
1988 2138
1880 2138
2139 2138
2138 2030
2138 2085
2139 1976
2138 1922
2138 1826
2138 1718
2097 1826
2084 1868
2042 1868
2031 1814
1976 1772
2085 1772
1976 1706
2084 1718
2084 1665
2139 1665
2031 1652
1977 1598
2030 1544
2030 1598
2139 1598
2084 1544
2139 1544
2084 1448
2138 1328
2138 1491
2084 1232
1988 1232
1988 1178
2030 1178
2138 1178
2138 1275
2030 1124
2085 1124
1934 1124
1934 1070
1934 1016
1976 1016
1976 1059
1976 962
2031 962
1976 909
2030 909
2138 909
2138 950
2097 950
2097 1004
2042 1004
2097 1058
2042 1058
2138 1113
2138 854
2138 800
2138 746
2096 746
2096 800
2096 854
2030 854
1934 962
1934 908
1880 908
1880 854
1826 854
1826 962
1826 908
1718 908
1718 855
1760 855
1760 800
1814 800
1922 800
1922 842
1977 842
1814 747
1922 747
1976 747
1976 789
2030 747
2030 789
1922 692
2031 692
1922 638
2030 638
2030 584
2084 584
2084 626
2084 680
2139 680
2139 626
2139 584
2030 530
2138 530
2138 476
2138 422
2096 476
2030 476
2030 423
2084 423
2084 368
2139 368
2084 314
2042 314
2042 261
2084 261
2138 261
2138 303
2138 152
2084 206
2084 98
2139 98
2084 44
2139 44
2042 44
1988 206
1988 152
2031 152
1988 98
2031 98
1934 98
1934 44
1977 44
1880 44
1934 140
1880 140
1880 98
1934 249
1934 356
1880 356
1880 260
1880 206
1826 260
1772 260
1718 260
1718 207
1760 207
1815 207
1760 152
1664 260
1664 206
1610 206
1610 98
1652 98
1652 140
1707 140
1652 45
1706 45
1706 86
1761 86
1814 45
1814 141
1610 44
1557 44
1557 86
1502 86
1502 44
1340 44
1233 44
1233 86
1275 86
1340 87
1557 140
1503 140
1503 194
1448 194
1448 98
1395 98
1395 140
1286 140
1340 194
1286 194
1340 356
1286 356
1286 314
1340 410
1286 410
1232 410
1232 368
1178 368
1178 410
1232 464
1124 464
1070 464
1070 422
1113 422
1070 314
1124 572
1124 680
1004 572
1004 626
1059 626
1059 572
1004 530
1059 530
1004 476
962 476
951 410
950 356
950 314
1004 314
1004 411
908 314
842 260
950 260
950 206
1004 206
1004 248
1059 248
1112 206
1112 302
1112 357
1166 302
1221 302
1166 261
1275 261
1166 206
1166 152
1220 152
1220 195
1166 44
1071 44
1071 86
1016 86
1016 44
908 44
855 44
855 86
746 86
746 45
789 45
746 140
692 140
692 98
638 98
638 44
681 44
530 44
423 44
423 86
423 194
464 194
464 249
518 194
518 303
572 194
572 248
627 248
518 153
572 153
627 153
572 98
692 194
638 194
908 87
950 87
950 140
908 140
1071 140
1113 86
1124 152
908 206
842 152
801 152
801 195
788 260
734 206
680 260
584 314
356 152
248 206
302 140
302 195
302 99
356 99
356 44
314 44
248 86
248 44
734 1988
464 1929
518 1929
518 2030
1935 1761
583 1443
626 1443
626 1490
626 1652
680 1652
680 1718
585 1772
585 1815
638 1977
692 1988
626 2042
573 2030
572 1929
572 1977
572 1880
410 1934
476 1869
531 1869
627 1706
583 1544
1286 1389
1382 1389
1382 1490
1341 1490
1341 1556
1220 1503
1274 1503
1286 1448
1329 1448
583 1335
626 1335
626 1382
680 1382
680 1436
680 1490
583 1394
518 1274
518 1329
583 1274
530 1394
314 1383
369 1394
369 1437
248 1448
303 1448
248 1394
206 1502
152 1502
87 1436
153 1436
195 1436
195 1382
1988 1286
2031 1286
638 1119
680 1119
734 1119
734 1166
693 1166
693 1220
788 1220
788 1274
692 1274
626 1274
572 1220
627 1220
572 1178
638 1178
1232 1065
1274 1065
1274 1166
1329 1166
1328 1065
1382 1065
1382 1112
1340 1112
1382 1220
1340 1220
1382 1274
1286 1274
1286 1232
1286 1328
1329 1328
1166 1502
1124 1502
1112 1556
1070 1556
1070 1502
1070 1448
1113 1448
1070 1394
1113 1394
1070 1341
1112 1341
1220 1341
1220 1382
1179 1382
1179 1437
1220 1437
1220 1286
1178 1286
1112 1286
1112 1232
1166 1232
1221 1232
1166 1124
1232 1124
1220 1167
734 1065
788 1065
788 1113
842 1065
842 1112
842 1166
800 1166
950 1112
950 1166
909 1166
909 1220
854 1220
1004 1166
1004 1220
962 1220
1058 1166
1112 1166
1070 1286
1070 1232
909 1286
909 1328
854 1328
854 1286
801 1328
801 1382
843 1382
909 1382
950 1382
950 1437
1004 1382
1004 1437
1004 1340
950 1340
854 1502
854 1449
897 1449
854 1544
800 1544
800 1502
962 1556
1070 1598
962 1598
1070 1664
908 1664
908 1556
1070 1706
1016 1706
842 1610
800 1610
746 1556
680 1556
735 1490
789 1436
734 1382
734 1340
692 1329
464 1065
518 1065
518 1112
518 1167
572 1112
151 1011
194 1011
248 1011
248 1058
206 1058
248 1113
356 1058
356 1112
314 1112
99 1178
99 1221
151 1058
140 1113
195 1113
1880 1070
1880 1016
1934 1178
1922 1274
1922 1232
1868 1124
1826 1124
1826 1016
1664 800
1772 962
1772 1016
1718 1016
1718 962
1664 1016
1664 962
1610 962
1610 908
1664 908
1124 795
1166 795
1166 896
1124 896
1166 1004
1274 1004
1328 1004
1166 1070
1124 1070
1070 1070
1124 1113
1058 1124
1005 1112
950 1070
1005 1070
908 1070
692 1016
788 950
788 1004
746 1004
843 1004
896 950
896 1005
951 950
908 908
950 908
1004 908
1004 1004
962 1004
1112 1004
1112 962
1070 962
1058 908
1058 854
1124 854
854 908
800 897
735 897
1501 687
1598 687
1598 734
1556 734
1598 788
1557 788
1557 842
1610 842
1502 962
1610 1005
1772 1058
1718 1058
1706 1233
1760 1233
1760 1178
1815 1178
1760 1124
1664 1286
1664 1179
1706 1179
1706 1124
1664 1124
1664 1070
1556 1286
1556 1232
1503 1286
1503 1329
1557 1340
1557 1382
1502 1382
1557 1437
1664 1448
1664 1394
1610 1502
1610 1394
1556 1502
1382 1556
1436 1490
1436 1448
1490 1448
1490 1491
1436 1340
1437 1274
1436 1112
1436 1166
1436 1221
1490 1166
1490 1221
1436 1065
1490 1065
1490 1112
1544 1112
1544 1166
1598 1166
1598 1221
1598 1070
1544 1016
1490 1016
1436 1016
1436 908
1545 908
1436 854
1490 854
1490 800
1436 800
1394 800
1394 747
1436 747
1501 747
1166 572
1220 572
1220 626
1179 626
1179 681
1274 626
1274 680
1233 680
1233 734
1178 734
1274 734
1274 788
1274 842
1232 842
1232 795
1058 746
1016 746
1016 854
950 854
1005 788
1124 740
314 680
356 680
356 734
314 734
411 734
422 692
476 746
368 800
368 854
422 897
476 950
368 950
368 908
368 1005
572 950
572 1005
638 1016
572 1071
627 1071
518 1016
476 1016
410 1016
194 963
249 963
151 962
86 962
194 788
194 842
194 896
152 896
249 896
302 842
302 1005
302 800
260 800
140 747
248 747
248 692
206 692
206 584
152 584
152 692
141 626
1286 464
1328 464
1328 519
1382 410
1382 572
1341 572
1341 627
1382 626
1437 626
1437 572
1436 410
1436 464
1436 518
1490 518
1490 573
1490 464
1598 464
1652 464
1652 518
1652 572
1760 572
1760 626
1610 626
1610 530
1556 530
1556 626
1556 584
1760 680
1718 687
1501 638
1436 692
1394 854
1340 854
1394 950
1340 950
1340 908
1286 908
1394 1016
1274 962
1232 962
1232 897
1328 788
1328 746
1383 680
1274 584
1220 531
1275 531
1166 530
1826 303
1880 410
1880 464
1826 464
1923 464
1976 410
1976 368
1976 249
1976 314
2042 368
1988 476
1922 584
1977 584
1922 531
1977 531
1880 638
1880 530
1826 530
1880 681
1718 734
1664 734
1760 735
1814 626
1814 681
1815 572
1760 423
1814 423
1814 368
1706 518
1706 368
1772 368
1664 357
1706 314
1598 422
1653 422
1598 368
1598 260
1556 368
1556 314
1490 423
1545 423
1436 369
1490 369
1490 314
1490 260
1545 260
1448 260
1394 314
1394 260
1394 357
1557 195
530 87
464 86
464 141
Edge
1362
0 1
1 2
2 3
3 4
4 5
5 6
6 7
7 8
8 9
9 10
10 11
11 12
12 13
12 14
14 15
14 16
8 17
17 18
4 19
19 20
20 21
20 22
22 23
23 24
23 25
25 26
26 27
27 28
28 29
28 30
30 31
30 32
32 33
33 34
34 35
35 36
36 37
35 38
32 39
39 40
40 41
41 42
40 43
43 44
44 45
44 46
46 47
47 48
48 49
49 50
49 51
51 52
52 53
52 54
54 55
55 56
56 57
57 58
58 59
59 60
60 61
61 62
58 63
51 64
48 65
47 66
66 67
67 68
68 69
69 70
70 71
71 72
72 73
73 74
72 75
75 76
71 77
70 78
78 79
79 80
80 81
81 82
81 83
83 84
80 85
85 86
85 87
87 88
88 89
89 90
90 91
91 92
91 93
90 94
94 95
95 96
96 97
96 98
98 99
99 100
98 101
98 102
102 103
102 104
104 105
105 106
106 107
107 108
108 109
109 110
109 111
111 112
112 113
113 114
114 115
113 116
116 117
117 118
118 119
119 120
120 121
119 122
119 123
123 124
124 125
123 126
126 127
127 128
128 129
129 130
129 131
129 132
132 133
133 134
134 135
135 136
135 137
137 138
138 139
139 140
138 141
141 142
141 143
143 144
144 145
145 146
145 147
137 148
148 149
148 128
128 150
150 151
151 152
150 153
153 154
154 155
155 156
154 157
157 158
158 159
159 160
159 161
158 162
162 163
162 164
164 165
165 166
166 167
166 168
168 169
169 170
170 171
171 172
172 173
173 174
174 175
174 176
176 177
177 178
178 179
179 180
180 181
180 182
182 183
183 184
184 185
185 186
186 187
186 188
188 189
188 190
190 191
191 192
192 193
192 194
194 195
195 196
196 197
196 198
198 199
199 200
200 201
201 202
202 203
201 204
204 205
205 206
206 207
207 208
207 209
209 210
210 211
211 212
212 213
211 214
207 215
215 216
216 217
217 218
218 219
219 220
219 221
221 222
222 223
222 224
224 225
224 226
221 227
218 228
228 229
229 230
230 231
230 232
217 233
233 234
234 235
235 236
217 237
237 238
238 239
239 240
240 241
241 242
241 243
243 244
244 245
244 246
246 247
247 248
248 249
249 250
250 251
249 252
252 253
253 254
254 255
254 256
256 257
257 258
257 259
259 260
259 261
254 262
262 263
263 264
264 265
265 266
266 267
266 268
268 269
269 270
270 271
270 272
272 273
273 274
274 275
275 276
275 277
277 278
278 279
279 280
280 281
281 282
282 283
283 284
284 285
284 286
286 287
287 288
288 289
289 290
289 291
291 292
292 293
293 294
292 295
295 296
291 297
283 298
298 299
283 300
279 301
301 302
302 303
303 304
303 305
305 306
303 307
277 308
308 309
309 310
309 311
311 312
312 313
313 314
314 315
315 316
315 317
317 318
318 319
318 320
314 321
321 322
322 323
321 324
324 325
325 326
326 327
325 328
328 329
329 330
329 331
331 332
332 333
333 334
332 335
335 336
336 337
337 338
335 339
339 340
340 341
341 342
342 343
343 344
344 345
344 346
346 347
347 348
348 349
349 350
348 351
351 352
352 353
353 354
354 355
355 356
356 357
357 358
358 359
359 360
357 361
361 362
361 363
363 364
364 365
364 366
363 367
367 368
367 369
369 370
370 371
371 372
372 373
373 374
373 375
372 376
361 377
377 378
378 379
378 380
380 381
381 382
382 383
382 384
380 385
354 386
351 387
348 388
388 389
389 390
390 391
391 392
388 393
347 394
394 395
395 396
396 397
396 398
398 399
395 400
394 401
401 402
402 403
403 404
403 405
405 406
406 407
407 408
408 409
409 410
410 411
411 412
412 413
413 414
413 415
415 416
416 417
415 418
418 419
419 420
420 421
420 422
422 423
423 424
423 425
422 426
426 427
418 428
428 429
429 430
430 431
429 432
412 433
411 434
434 435
435 436
436 437
434 438
438 439
439 440
439 441
441 442
442 443
443 444
444 445
445 446
443 447
447 448
442 449
449 450
450 451
441 452
452 453
453 454
454 455
455 456
454 457
453 458
458 459
459 460
460 461
460 462
459 463
463 464
464 465
465 466
466 467
467 468
468 469
469 470
469 471
471 472
472 473
473 474
474 475
475 476
476 477
477 478
477 479
475 480
480 481
481 482
482 483
481 484
484 485
485 486
486 487
487 488
487 489
486 490
490 491
491 492
492 493
493 494
494 495
495 496
496 497
497 498
496 499
494 500
493 501
501 502
502 503
503 504
504 505
504 506
506 507
507 508
508 509
509 510
508 511
506 512
512 513
513 514
514 515
515 516
515 517
517 518
518 519
518 520
520 521
521 522
522 523
521 524
524 525
520 526
526 527
527 528
527 529
517 530
530 531
530 532
532 533
532 534
534 535
514 536
536 537
537 538
537 539
539 540
539 541
537 542
506 543
543 544
544 545
544 546
546 547
546 548
548 549
549 550
550 551
549 552
548 553
553 554
553 555
543 556
503 557
501 558
558 559
559 560
559 561
561 562
562 563
561 564
564 565
565 566
566 567
567 568
568 569
568 570
570 571
570 572
572 573
572 574
566 575
575 576
565 577
564 578
578 579
579 580
579 581
581 582
582 583
582 564
558 584
558 585
585 586
585 587
587 588
588 589
589 590
587 491
490 591
486 592
484 593
593 594
594 595
593 596
596 597
596 598
472 599
599 600
472 601
601 602
602 603
603 604
604 605
605 606
604 607
607 608
607 609
609 610
610 611
611 612
612 613
612 614
614 615
614 616
616 617
617 618
618 619
619 620
620 621
621 622
621 623
623 624
619 625
618 626
626 627
627 628
628 629
627 630
626 631
617 632
611 633
633 634
634 635
635 636
636 637
633 638
638 639
639 640
640 641
641 642
642 643
643 644
644 645
645 646
646 647
644 648
648 649
649 650
650 651
650 652
652 653
649 654
654 655
654 656
656 657
657 658
658 659
659 660
660 661
661 662
660 663
659 664
658 665
665 666
666 667
667 668
667 669
665 670
670 671
671 672
672 673
673 674
673 675
675 676
676 677
677 678
678 679
679 680
679 681
678 682
682 683
683 684
683 685
685 686
685 687
682 688
688 689
689 690
689 691
691 692
691 693
693 694
694 695
694 696
693 697
697 698
698 699
697 700
700 701
701 702
702 703
703 704
703 705
705 706
706 707
707 708
708 709
709 710
709 711
707 712
712 713
713 714
714 715
715 716
716 717
717 718
716 719
719 720
720 721
721 722
720 723
723 724
715 725
725 726
726 727
727 728
728 729
729 730
730 731
731 732
732 733
730 734
727 735
735 736
736 737
737 738
738 739
739 740
740 741
741 742
738 743
743 744
743 745
745 746
746 747
745 748
748 749
749 750
750 751
751 752
750 753
750 754
754 755
755 756
756 757
757 758
757 759
755 760
760 761
761 80
79 762
762 763
763 764
762 765
762 766
766 767
766 768
768 769
69 770
68 771
771 772
772 773
773 774
772 775
66 776
776 777
777 778
778 779
779 780
780 781
779 782
782 783
783 784
783 785
785 786
785 787
787 788
782 789
789 790
790 791
791 792
790 793
793 794
794 795
795 796
796 797
797 798
798 799
799 800
800 801
801 802
802 803
801 804
804 805
805 806
806 807
807 808
808 809
808 810
810 811
811 812
812 813
813 814
814 815
814 816
816 817
816 818
818 819
819 820
816 821
821 822
822 823
822 824
824 807
805 825
825 826
798 827
827 828
828 829
829 830
829 831
831 795
795 832
790 833
778 834
776 835
835 836
836 837
47 838
46 839
44 840
43 841
23 842
22 843
3 844
844 845
844 846
846 847
847 848
848 849
2 850
850 851
852 324
313 852
853 854
854 855
855 275
274 853
491 856
215 239
857 858
858 859
859 860
860 861
861 862
862 340
331 863
863 864
328 865
852 866
308 867
855 868
854 869
869 870
869 871
273 872
266 873
265 874
263 875
253 876
876 857
877 878
878 879
879 880
880 881
881 406
406 882
882 883
883 884
884 885
884 877
886 887
887 888
888 889
889 890
890 891
891 859
857 892
892 886
188 893
893 894
893 895
895 886
892 896
247 191
192 897
247 898
898 899
240 900
900 901
900 902
239 903
903 904
204 905
200 906
906 907
200 908
471 909
909 910
909 602
911 912
912 913
913 914
914 915
915 916
916 917
917 918
918 919
919 920
920 887
186 921
921 922
921 923
923 924
924 911
925 926
926 927
927 928
926 929
929 930
930 931
931 932
931 933
933 934
933 935
935 936
936 937
936 938
938 939
935 878
405 940
940 941
402 942
942 943
943 944
944 945
945 946
945 947
947 948
947 949
949 950
950 951
951 952
952 953
953 954
952 955
951 956
956 957
950 958
958 959
959 960
960 961
960 962
962 963
963 964
963 925
965 966
966 967
966 968
968 969
969 970
970 971
969 972
972 973
973 974
974 975
975 976
973 977
977 978
978 979
977 980
980 981
981 959
958 982
982 983
982 984
984 985
985 986
986 987
986 988
988 989
989 990
985 991
991 992
992 993
992 994
994 995
994 996
992 997
944 998
998 999
999 1000
998 1001
1001 1002
1002 1003
943 1004
943 1005
1005 1006
401 1007
1007 1008
1008 1009
1007 1010
1010 1011
342 1012
1012 1013
341 1014
861 1015
891 1016
890 1017
889 1018
1018 1019
919 1020
913 965
1021 1022
1022 1023
1023 1024
1023 1025
1025 923
185 1021
1026 1027
1027 1028
1028 1029
1029 1030
1029 1031
1029 1032
1032 1033
1033 1034
1033 183
178 1035
1035 1036
172 1037
1037 1038
1038 1039
1037 1026
610 1040
1040 1041
603 1042
468 1043
1043 1044
467 1045
1045 1046
1046 1047
1047 638
1048 643
638 1049
1047 1050
1050 1051
1051 1052
1051 1053
1053 1054
1054 1055
1055 1056
1056 1057
1057 1048
1058 1059
1059 1060
1060 1061
1060 1062
1062 1063
1063 1064
1064 929
962 1065
1065 1066
1066 1067
1066 1068
980 1069
972 1070
972 1071
1071 1072
1071 1073
912 1074
1074 105
105 1075
1075 1076
1076 1077
1076 1078
1075 1079
1079 1080
1079 1081
1079 1082
1082 1083
1083 1084
1084 1085
1085 1086
1085 1087
1087 1088
1088 1089
1084 1090
1090 1091
1091 1092
1092 1058
88 1082
1082 1093
1093 89
94 1094
104 1095
1096 1097
1097 1098
1098 1099
1098 1100
1100 1101
1101 1102
1102 1103
1103 1056
1055 1104
1055 1105
1050 1106
1106 1107
464 1108
1108 1109
1109 1110
1110 1111
1110 1112
464 1113
1113 1114
1114 1115
1115 1116
1116 1117
1117 1118
1113 1119
1119 1120
1119 1121
1121 1122
463 1123
1123 1124
1124 1125
1124 1126
458 1127
1127 1128
453 1129
1129 1130
1129 1131
410 1132
879 1133
1133 1134
1134 1135
1135 1136
1134 1137
935 1138
931 1139
1139 1140
1140 1141
1140 1142
1142 1143
930 1144
1144 1145
1145 1146
1146 1147
1147 1148
1148 1149
1149 1150
1149 1151
1147 1152
1145 1153
1144 1154
1154 1155
1155 1156
1155 1157
1157 1158
1158 1159
1157 1160
1160 1161
1161 1162
1162 1163
1163 1164
1164 1096
760 1165
1165 1166
1166 1167
1167 1168
1168 1169
1167 1170
1170 1171
1171 1172
1172 1173
1173 1174
1173 1175
1175 1176
1176 1177
1177 1178
1178 1179
1179 1059
1091 1180
1180 1181
1091 1182
1083 1183
87 1184
761 1185
126 1186
1186 1187
1187 1188
1188 1189
1188 1190
118 1191
116 1192
112 1193
111 1194
111 1195
108 1196
1196 1197
1197 1198
1197 1199
1196 1200
1200 1201
1074 1202
1025 1203
1203 1204
1022 1205
1205 1206
184 1207
1027 1208
1208 1209
1026 1210
171 1211
164 1212
1212 1213
1213 1214
1214 1215
1214 1216
1213 1217
1217 1218
1217 1219
1219 1220
164 1221
1221 1222
1222 1223
1223 1224
1224 1225
1225 1226
1226 150
1224 1227
157 1228
749 1229
1229 1230
1230 1231
748 1232
1232 1233
1233 1234
1234 1235
1233 1236
1236 1237
1233 1238
1232 1239
1239 1240
1240 1241
1241 1242
1242 1243
1240 1244
1244 1245
1245 1246
1246 1247
1247 1248
1248 1249
1249 1250
1250 1251
1251 1252
1252 1253
1251 1254
1254 1255
1250 1256
1256 1257
1257 1097
1096 1258
1163 1259
1157 1260
1260 1261
1260 1262
1262 1263
1263 1264
1264 1265
1154 1266
1063 1267
1267 1268
1178 1269
1176 1270
1270 1271
1171 1272
1170 1273
1166 1274
1274 1275
1165 1276
705 1277
702 1278
1278 1279
1279 1280
1279 1281
1278 1282
1282 1283
700 1284
1284 1285
1285 676
673 1286
670 1287
656 1288
1288 1289
1288 1290
1290 1291
656 1292
1292 1293
1293 1294
1292 1295
1257 1296
1296 1297
1256 1298
1250 1299
1299 1300
1249 1301
1249 1302
1302 1303
1303 1304
1247 1305
1305 1306
1306 1307
1307 706
712 1308
1306 1309
1245 1310
1310 1311
1310 1312
1312 1313
1312 1314
1314 1315
1244 1316
1316 1317
1239 1318
1318 1319
1319 1320
1320 1321
1321 1322
1321 1323
1320 1324
1324 1325
1324 1326
735 1327
810 1328
812 1329
1329 1330
