Vertice
183
44 39
44 103
103 103
103 168
50 168
50 233
103 233
103 299
103 428
50 428
50 309
103 493
50 493
50 558
103 559
103 623
168 559
168 688
50 688
50 634
50 818
168 753
115 753
115 819
115 883
49 883
168 883
168 948
49 948
232 948
232 819
363 830
363 882
310 882
310 948
428 830
558 830
558 883
440 883
440 947
374 947
558 948
504 948
688 948
753 948
882 948
882 895
882 765
948 765
948 948
829 895
753 830
817 830
817 700
765 700
765 635
818 635
765 569
700 635
635 635
635 570
687 570
687 505
818 505
818 558
883 558
882 505
882 440
948 440
948 622
895 622
895 688
948 688
948 180
895 180
895 233
829 233
895 298
765 298
765 245
765 180
818 180
765 115
883 115
948 115
883 50
948 50
829 50
765 49
700 115
700 50
570 50
570 103
634 115
505 180
505 234
505 297
440 297
440 363
375 363
310 363
310 310
362 310
362 245
427 245
427 50
493 50
493 103
362 179
310 245
310 115
362 115
362 49
245 115
245 50
298 50
245 167
180 167
180 233
168 39
168 103
232 753
765 765
309 630
363 630
428 630
428 688
374 688
363 764
298 753
309 688
363 565
428 565
493 565
493 630
168 299
168 428
168 493
233 493
232 428
232 363
375 427
309 427
558 363
558 427
440 427
428 493
363 504
244 630
297 559
297 504
634 245
700 298
634 298
558 234
558 298
700 363
765 363
765 428
818 428
687 440
635 440
635 374
635 505
569 505
635 687
570 687
570 569
570 753
504 753
623 753
623 818
688 818
700 688
699 765
688 895
634 895
493 688
493 493
233 245
233 298
818 363
895 368
Edge
194
0 1
1 2
2 3
3 4
4 5
3 6
6 7
7 8
8 9
9 10
8 11
11 12
12 13
11 14
14 15
14 16
16 17
17 18
18 19
18 20
17 21
21 22
22 23
23 24
24 25
24 26
26 27
27 28
27 29
29 30
30 31
31 32
32 33
33 34
31 35
35 36
36 37
37 38
38 39
39 40
37 41
41 42
41 43
43 44
44 45
45 46
46 47
47 48
48 49
46 50
44 51
51 52
52 53
53 54
54 55
55 56
55 57
55 58
58 59
59 60
60 61
61 62
62 63
63 64
64 65
63 66
66 67
67 68
68 69
69 70
70 71
71 72
68 73
73 74
74 75
75 76
75 77
77 78
78 79
79 80
80 81
80 82
82 83
83 84
83 85
85 86
85 87
82 88
82 89
89 90
90 91
91 92
89 93
80 94
94 95
95 96
96 97
97 98
98 99
99 100
100 101
101 102
102 103
103 104
104 105
105 106
106 107
103 108
101 109
109 110
110 111
111 112
110 113
113 114
114 115
113 116
116 117
117 118
118 6
0 119
119 120
23 30
21 121
121 30
51 122
122 54
123 124
124 125
125 126
126 127
126 35
31 128
121 129
17 130
130 123
131 132
132 133
133 134
134 125
124 131
7 135
135 136
136 137
137 138
136 139
139 140
140 100
99 141
141 142
98 143
143 144
144 145
145 146
146 132
131 147
123 148
16 149
149 150
151 79
78 152
152 153
153 151
95 154
154 155
155 153
152 156
78 157
157 158
158 159
159 63
62 160
160 161
161 162
60 163
163 164
59 165
165 166
166 167
166 168
168 169
168 170
170 171
171 172
58 173
122 174
43 175
175 176
134 177
146 178
118 179
179 180
179 109
157 181
77 182
