Vertice
3039
36 31
36 129
79 129
79 176
42 176
42 226
42 324
79 324
79 373
41 373
79 470
42 470
42 433
42 520
42 618
79 520
128 373
128 471
79 226
79 275
128 275
128 324
177 324
177 373
226 324
275 324
226 287
324 287
324 373
324 422
287 422
287 384
238 422
238 384
188 422
238 471
188 471
238 519
189 519
140 519
140 568
90 568
189 569
275 471
275 520
275 569
324 520
324 618
324 666
287 666
287 630
238 630
238 580
188 630
238 667
189 667
91 667
91 630
128 630
42 667
42 716
91 765
91 814
42 814
42 776
91 863
41 863
91 960
42 960
42 923
128 765
128 814
189 716
139 716
189 814
238 716
287 765
237 765
287 814
237 814
373 814
373 765
373 618
373 667
422 667
422 715
335 715
422 630
471 630
373 581
519 581
519 532
569 532
569 569
569 618
532 618
532 667
483 667
483 716
569 667
569 716
667 667
667 716
629 716
667 764
630 764
532 764
532 727
483 764
434 764
434 814
483 814
630 814
581 814
532 814
532 863
581 863
630 913
630 961
581 961
581 923
667 961
667 913
716 913
765 913
765 961
727 961
765 1010
728 1010
678 1010
728 1059
765 1108
679 1108
679 1071
630 1071
630 1022
581 1022
581 1058
532 1058
532 1021
434 1058
434 1108
336 1108
336 1071
373 1071
336 1022
470 1022
470 973
519 973
519 923
336 1157
373 1157
373 1206
287 1206
287 1071
237 1071
287 1254
238 1254
238 1218
238 1169
238 1120
189 1120
189 1071
189 1022
226 1022
274 1022
274 973
324 973
274 875
373 875
373 912
335 912
373 961
422 912
422 961
470 912
470 875
433 875
238 875
238 911
189 911
189 875
139 875
139 911
226 973
139 973
140 1071
140 1022
90 1022
139 1120
91 1169
91 1071
42 1071
42 1021
42 1169
42 1119
189 1218
140 1218
41 1218
140 1255
189 1304
139 1304
189 1353
226 1353
238 1304
324 1304
324 1353
286 1353
324 1402
238 1402
188 1402
238 1451
188 1451
324 1451
373 1402
422 1402
422 1548
384 1548
471 1402
471 1451
471 1500
520 1451
520 1549
483 1549
483 1598
335 1598
483 1647
520 1598
568 1549
568 1511
618 1451
618 1500
618 1549
667 1500
667 1598
716 1598
716 1647
679 1647
630 1647
630 1609
679 1696
581 1696
581 1659
581 1609
532 1659
532 1695
483 1695
483 1745
679 1745
630 1745
581 1745
531 1745
581 1793
532 1793
532 1843
483 1843
434 1843
434 1806
471 1806
434 1708
434 1659
287 1659
287 1561
324 1561
287 1512
372 1512
372 1462
287 1695
238 1695
238 1659
189 1659
189 1610
189 1561
189 1512
226 1512
226 1598
140 1512
140 1365
91 1365
42 1365
42 1316
78 1316
78 1267
41 1267
42 1402
91 1499
42 1499
42 1462
42 1549
42 1598
79 1549
79 1598
139 1561
140 1610
140 1697
140 1745
177 1745
177 1793
140 1793
140 1843
91 1843
91 1806
91 1757
42 1757
42 1708
78 1708
78 1658
42 1658
42 1806
42 1892
91 1892
128 1892
128 1940
91 1940
42 1940
42 1990
91 1990
91 2038
41 2038
128 1990
177 1892
177 1941
177 1990
275 1941
275 2039
324 1941
324 1990
324 2039
373 2039
373 2088
422 1990
422 2039
422 2137
471 2039
471 2137
520 2137
569 2137
569 2186
531 2186
569 2234
532 2234
532 2284
434 2284
336 2284
287 2284
287 2333
336 2382
238 2382
189 2382
189 2345
225 2345
225 2295
238 2430
188 2430
336 2430
287 2430
287 2528
238 2528
238 2491
238 2578
189 2578
189 2541
189 2491
91 2541
91 2492
128 2492
91 2443
128 2443
42 2443
42 2394
127 2394
127 2344
42 2345
79 2345
42 2296
78 2296
78 2247
128 2247
128 2284
177 2284
177 2247
226 2247
177 2198
91 2198
91 2149
91 2100
127 2100
127 2051
177 2051
177 2137
139 2137
226 2137
226 2186
274 2186
274 2149
324 2149
324 2186
373 2149
373 2186
373 2235
286 2235
471 2235
471 2186
226 2051
226 2088
324 2088
226 2001
42 2149
42 2099
42 2186
42 2246
42 2529
91 2578
41 2578
91 2627
42 2627
42 2676
91 2676
91 2725
41 2725
91 2774
42 2774
42 2823
79 2823
177 2774
177 2822
140 2822
140 2872
42 2872
42 2921
79 2921
140 2921
275 2774
275 2823
237 2823
275 2871
238 2871
189 2871
189 2921
238 2921
324 2823
373 2774
373 2823
422 2823
128 2725
226 2676
226 2725
188 2725
275 2725
226 2638
140 2578
140 2627
189 2627
275 2578
275 2627
275 2676
324 2627
324 2725
373 2725
422 2725
471 2725
471 2773
433 2773
471 2688
520 2688
520 2725
569 2725
569 2774
531 2774
569 2823
532 2823
532 2872
483 2872
483 2834
532 2921
434 2921
434 2884
336 2884
336 2921
286 2921
569 2921
569 2872
618 2823
618 2872
618 2921
667 2921
667 2872
618 2785
568 2688
568 2639
618 2639
568 2590
617 2590
617 2540
568 2541
568 2492
618 2492
666 2492
666 2442
618 2394
716 2394
716 2480
716 2529
679 2529
679 2578
716 2626
678 2626
765 2529
765 2480
814 2480
814 2529
814 2578
776 2578
814 2627
776 2627
814 2676
679 2676
679 2725
630 2725
630 2687
679 2823
716 2823
716 2872
716 2921
765 2921
814 2872
814 2921
912 2921
863 2872
765 2823
862 2823
862 2786
825 2786
765 2785
716 2737
765 2737
814 2725
863 2725
912 2676
912 2774
961 2676
1010 2676
1010 2725
1010 2773
973 2773
973 2736
973 2823
923 2823
973 2872
923 2872
973 2921
1010 2872
1010 2921
1059 2872
1108 2872
1108 2920
1070 2920
1157 2872
1157 2921
1157 2835
1206 2835
1157 2786
1206 2786
1059 2835
1107 2835
1107 2785
1010 2834
1059 2725
1059 2774
1059 2639
1108 2639
1108 2725
1108 2590
1157 2590
1157 2676
1206 2676
1206 2724
1168 2724
1255 2676
1206 2590
1206 2627
1255 2590
1255 2627
1304 2590
1304 2627
1157 2541
1205 2541
1205 2492
1255 2492
1255 2529
1353 2529
1402 2529
1402 2578
1364 2578
1402 2627
1365 2627
1365 2675
1315 2675
1402 2725
1365 2725
1315 2725
1365 2773
1267 2773
1267 2736
1267 2871
1217 2871
1402 2774
1402 2822
1316 2822
1316 2872
1353 2872
1353 2920
1217 2920
1451 2774
1451 2823
1500 2823
1500 2871
1413 2871
1500 2785
1451 2737
1549 2737
1451 2627
1451 2676
1500 2676
1500 2627
1353 2492
1401 2492
1401 2443
1451 2443
1451 2480
1500 2480
1500 2529
1462 2529
1500 2578
1462 2578
1549 2578
1549 2627
1549 2676
1598 2627
1598 2676
1647 2676
1647 2725
1610 2725
1610 2774
1560 2774
1610 2823
1561 2823
1561 2920
1413 2920
1610 2872
1647 2872
1647 2921
1609 2921
1696 2921
1744 2921
1744 2884
1794 2884
1794 2921
1843 2921
1696 2883
1647 2835
1696 2835
1647 2774
1696 2676
1696 2725
1745 2676
1745 2725
1745 2639
1745 2590
1794 2590
1794 2725
1843 2725
1892 2725
1892 2773
1855 2773
1806 2773
1757 2773
1707 2773
1757 2823
1806 2823
1855 2823
1941 2823
1941 2872
1904 2872
1854 2872
1904 2921
1941 2921
1990 2872
1990 2921
2039 2921
2038 2872
2038 2835
2088 2835
2088 2872
2137 2872
2137 2920
2099 2920
2186 2835
2186 2872
2186 2921
2333 2921
2234 2872
2234 2786
2284 2786
2284 2872
2332 2872
2332 2834
2284 2737
2333 2737
2333 2774
2382 2737
2382 2774
2382 2872
2382 2921
2431 2872
2431 2921
2480 2921
2529 2921
2480 2883
2431 2774
2430 2737
2430 2688
2480 2688
2480 2725
2578 2725
2578 2774
2676 2725
2676 2822
2639 2822
2639 2785
2590 2822
2541 2822
2541 2785
2492 2822
2492 2785
2442 2822
2541 2872
2590 2921
2725 2725
2725 2774
2725 2920
2688 2920
2688 2884
2638 2884
2638 2920
2774 2774
2774 2823
2822 2823
2822 2786
2871 2786
2871 2737
2921 2737
2921 2823
2883 2823
2921 2872
2786 2872
2786 2921
2921 2920
2834 2920
2871 2688
2921 2688
2822 2725
2822 2688
2822 2639
2786 2639
2786 2590
2822 2590
2822 2541
2737 2541
2737 2492
2823 2492
2872 2492
2872 2529
2921 2529
2921 2626
2884 2626
2884 2589
2921 2492
2823 2443
2871 2443
2871 2394
2921 2394
2921 2431
2871 2296
2921 2296
2921 2333
2921 2246
2871 2246
2835 2296
2786 2296
2786 2247
2786 2198
2823 2198
2823 2235
2872 2198
2921 2198
2872 2149
2920 2149
2920 2099
2823 2148
2786 2148
2737 2247
2737 2198
2737 2148
2688 2198
2688 2148
2737 2284
2687 2284
2737 2333
2639 2333
2639 2295
2590 2333
2590 2247
2676 2247
2491 2333
2639 2382
2737 2381
2687 2381
2786 2333
2835 2333
2823 2394
2785 2394
2737 2443
2774 2443
2638 2443
2688 2541
2688 2491
2639 2541
2639 2491
2688 2578
2589 2578
2688 2627
2639 2627
2639 2676
2590 2676
2590 2638
2676 2676
2725 2627
2725 2578
2785 2688
2725 2687
2528 2688
2528 2638
2394 2688
2394 2639
2430 2639
2430 2589
2394 2590
2394 2541
2345 2541
2345 2492
2382 2492
2431 2492
2480 2492
2480 2529
2442 2529
2529 2529
2529 2577
2492 2577
2492 2627
2578 2529
2577 2492
2577 2443
2577 2394
2491 2394
2431 2443
2443 2394
2443 2296
2480 2296
2528 2296
2528 2198
2577 2198
2577 2149
2627 2149
2627 2186
2627 2100
2675 2100
2675 2051
2725 2051
2725 2088
2627 2050
2540 2100
2528 2148
2480 2197
2443 2247
2443 2197
2394 2247
2394 2149
2345 2149
2345 2099
2345 2186
2296 2186
2296 2234
2247 2234
2247 2197
2345 2235
2296 2296
2246 2296
2296 2333
2247 2333
2247 2381
2149 2381
2149 2431
2100 2431
2100 2345
2136 2345
2136 2296
2186 2296
2186 2333
2186 2246
2100 2296
2100 2247
2137 2247
2051 2247
1953 2247
1953 2149
1990 2149
1990 2186
1990 2100
2039 2100
1953 1953
1990 1953
1990 1990
2039 1990
2039 2039
2001 2039
2088 2039
2088 2088
2088 2137
2051 2137
2051 2186
2088 2186
2186 2088
2186 2137
2149 2137
2149 2186
2186 2186
2283 2137
2283 2100
2247 2100
2247 2051
2382 2051
2382 2088
2431 2088
2431 2137
2479 2137
2479 2099
2431 2051
2480 2051
2528 2051
2528 2002
2578 2002
2578 2039
2627 2002
2578 1953
2541 1953
2541 1904
2541 1855
2541 1806
2578 1806
2578 1843
2627 1843
2627 1892
2589 1892
2627 1941
2676 1843
2676 1990
2725 1990
2774 1990
2774 2039
2774 2088
2872 2088
2920 2039
2920 1805
2823 1990
2872 1990
2823 1953
2872 1953
2823 1904
2871 1904
2871 1806
2871 1757
2921 1757
2835 1806
2835 1708
2920 1708
2920 1659
2920 1609
2884 1659
2884 1561
2884 1512
2921 1512
2921 1549
2921 1462
2884 1414
2884 1365
2921 1365
2921 1402
2834 1414
2835 1512
2835 1462
2785 1512
2834 1561
2835 1843
2785 1953
2725 1952
2725 1843
2774 1843
2774 1891
2736 1891
2725 1757
2774 1757
2774 1794
2725 1708
2774 1708
2725 1658
2688 1708
2688 1659
2639 1659
2639 1561
2676 1561
2676 1598
2676 1511
2639 1512
2639 1463
2676 1463
2725 1463
2725 1598
2774 1598
2774 1647
2822 1647
2822 1609
2774 1560
2725 1414
2774 1414
2774 1451
2774 1365
2774 1315
2737 1365
2737 1267
2774 1267
2823 1267
2823 1353
2872 1267
2872 1304
2920 1304
2920 1266
2872 1218
2921 1218
2872 1169
2872 1120
2921 1120
2921 1157
2835 1120
2835 1071
2872 1071
2921 1071
2872 1022
2920 1022
2920 923
2872 973
2872 875
2921 875
2872 826
2921 826
2786 875
2786 826
2823 826
2786 777
2737 777
2737 728
2773 728
2773 679
2823 679
2823 765
2872 679
2872 765
2920 765
2920 678
2823 581
2921 581
2921 617
2883 617
2921 531
2737 630
2773 630
2773 580
2737 580
2688 630
2590 630
2590 667
2541 667
2541 629
2627 667
2688 667
2737 826
2737 862
2688 862
2688 727
2786 912
2639 912
2639 826
2590 826
2541 826
2492 826
2492 777
2529 777
2443 777
2443 814
2394 814
2394 679
2431 679
2431 716
2431 630
2480 630
2480 716
2578 716
2578 765
2626 765
2626 727
2247 679
2247 629
2247 716
2443 864
2480 864
2480 912
2443 912
2443 1010
2394 1010
2345 1010
2345 1107
2296 1107
2296 1071
2247 1071
2247 1156
2198 1156
2198 1119
2198 1206
2235 1206
2235 1254
2149 1254
2149 1218
2100 1218
2100 1169
2137 1169
2051 1218
2051 1304
2149 1304
2100 1304
2100 1266
2186 1304
2394 1059
2443 1059
2480 1010
2480 1108
2393 1108
2480 1157
2345 1157
2295 1157
2345 1206
2295 1206
2345 1255
2296 1255
2296 1304
2247 1304
2247 1401
2198 1401
2198 1364
2149 1401
2100 1401
2100 1450
2050 1450
2149 1500
2100 1500
1953 1500
1953 1463
1990 1463
1953 1414
2039 1414
1953 1365
2137 1365
1904 1365
1904 1218
1941 1218
1941 1255
1941 1304
1990 1304
1990 1255
1990 1218
1941 1169
1990 1169
2038 1169
2038 1120
2088 1120
2137 1120
2088 1071
2137 1071
2002 1071
1904 1071
1904 1108
1990 1108
1952 1108
1855 1365
1855 1316
1806 1316
1806 1267
1842 1267
1842 1169
1892 1169
1806 1169
1806 1120
1843 1120
1806 1071
1843 1071
1806 1022
1843 1022
1806 973
1806 923
1708 973
1708 924
1745 924
1659 973
1659 1010
1696 1010
1757 1071
1757 1021
1707 1071
1757 1107
1707 1107
1806 1217
1708 1316
1708 1267
1745 1267
1708 1218
1745 1218
1659 1316
1659 1169
1745 1169
1659 1070
1610 1169
1610 1119
1708 1353
1745 1353
1806 1365
1806 1451
1757 1451
1708 1451
1708 1414
1745 1414
1757 1500
1659 1500
1610 1500
1610 1463
1647 1463
1659 1549
1609 1549
1696 1549
1696 1598
1658 1598
1696 1646
1659 1646
1659 1696
1794 1598
1794 1647
1756 1647
1794 1695
1708 1695
1708 1745
1659 1745
1610 1745
1610 1793
1561 1793
1561 1708
1598 1708
1512 1708
1512 1659
1549 1659
1512 1561
1549 1561
1549 1598
1598 1598
1598 1647
1549 1512
1463 1512
1463 1463
1548 1463
1548 1414
1598 1414
1646 1414
1646 1364
1598 1364
1548 1364
1463 1414
1499 1414
1499 1365
1499 1267
1549 1267
1549 1304
1598 1267
1598 1304
1549 1218
1598 1218
1463 1365
1463 1315
1414 1512
1414 1463
1365 1463
1365 1414
1401 1414
1401 1365
1401 1316
1401 1267
1450 1267
1450 1217
1401 1169
1450 1169
1450 1071
1414 1071
1414 1022
1451 1022
1500 1022
1500 1059
1500 1108
1549 1059
1549 1156
1512 1156
1512 1206
1598 1059
1549 1022
1598 1022
1549 875
1511 875
1451 972
1414 923
1365 1022
1365 972
1365 1059
1267 1267
1267 1218
1352 1218
1352 1168
1267 1169
1304 1169
1267 1120
1304 1120
1402 1120
1304 1071
1304 1021
1267 1071
1267 1022
1267 973
1218 973
1218 924
1169 924
1169 875
1255 875
1255 912
1255 826
1304 826
1304 912
1304 961
1353 912
1304 776
1255 777
1218 777
1218 728
1168 728
1169 777
1169 814
1217 826
1120 924
1071 924
1071 875
1071 826
1108 826
1108 863
973 875
973 777
924 777
924 728
826 728
826 630
777 630
777 580
728 630
728 581
728 532
814 532
863 532
912 532
912 568
825 568
961 532
912 483
961 483
1010 483
1010 520
1058 483
1058 336
1108 336
1108 373
1108 422
1206 373
1255 373
1255 421
1218 421
1218 471
1169 471
1169 433
1120 471
1120 520
1070 520
1120 569
1218 520
1218 569
1169 569
1169 531
1255 569
1255 618
1218 618
1168 618
1218 666
1120 666
1120 629
1070 666
1120 715
1071 715
1071 765
1022 765
1022 679
1022 630
973 630
973 581
1059 581
1059 618
875 630
875 667
973 679
923 679
973 716
1022 814
1108 765
1304 618
1304 667
1267 667
1267 716
1304 716
1353 618
1353 667
1402 667
1402 716
1402 765
1451 716
1451 814
1414 814
1365 814
1365 727
1365 863
1414 863
1451 912
1500 912
1500 961
1549 814
1402 629
1353 581
1402 581
1451 581
1451 667
1549 667
1500 581
1598 581
1598 618
1511 618
1647 618
1745 618
1794 618
1794 667
1757 667
1757 765
1708 765
1708 728
1708 679
1658 679
1658 728
1561 765
1561 728
1597 728
1597 678
1512 728
1512 765
1708 814
1659 814
1609 814
1659 863
1610 863
1610 961
1659 912
1708 863
1794 765
1794 813
1757 813
1757 863
1794 716
1843 618
1892 618
1892 667
1854 667
1892 716
1854 716
1892 765
1854 765
1892 814
1854 814
1892 863
1892 912
1855 912
1855 875
1805 875
1855 961
1892 961
1892 1010
1941 961
1941 1010
2039 1010
2039 961
2088 961
2088 1010
2186 1010
2186 1059
2235 1010
2137 961
2235 961
2137 924
2186 924
2235 924
2186 875
2333 875
2382 875
2382 912
2344 912
2382 960
2296 960
2296 923
2296 1010
2333 777
2333 727
2296 777
2296 727
2247 777
2149 777
2099 777
2149 814
2100 814
2051 814
2051 728
2088 728
2051 679
2088 679
2186 679
2186 715
2148 715
2088 630
2185 630
2185 581
2149 581
2149 532
2100 532
2002 532
2002 483
2002 385
2039 385
2039 422
2002 336
2039 336
2088 336
2088 373
2088 470
2050 470
2137 373
2137 422
2186 422
2186 373
2039 287
2137 287
2137 325
2234 325
2234 287
2284 287
2284 324
2333 287
2234 238
2197 238
2039 189
2088 189
2088 226
2137 226
2039 140
2137 140
2137 177
2186 140
2186 177
2186 91
2234 91
2234 42
2284 42
2284 128
2246 128
2284 177
2246 177
2284 226
2333 128
2333 177
2382 177
2382 226
2344 226
2431 226
2431 275
2394 275
2394 324
2394 373
2345 373
2345 335
2296 373
2246 373
2296 421
2246 421
2345 422
2394 422
2394 520
2198 520
2198 483
2333 483
2148 483
2394 617
2296 617
2296 581
2333 581
2246 581
2431 520
2431 569
2480 569
2676 569
2480 532
2529 532
2431 422
2431 471
2479 471
2479 434
2529 434
2529 471
2578 471
2578 520
2725 471
2725 519
2638 519
2578 434
2676 434
2578 385
2626 385
2626 336
2676 336
2676 373
2725 373
2724 336
2724 286
2676 238
2724 238
2724 189
2774 189
2774 226
2823 226
2823 275
2786 275
2786 373
2786 421
2736 421
2823 373
2823 422
2872 422
2872 470
2786 470
2786 520
2872 520
2921 422
2921 471
2872 336
2921 336
2921 373
2921 286
2823 324
2872 226
2872 275
2822 189
2822 140
2872 140
2872 177
2921 177
2921 226
2921 140
2872 90
2822 42
2921 42
2921 79
2785 140
2639 189
2590 189
2590 140
2590 91
2627 91
2627 128
2724 128
2724 91
2774 91
2590 42
2676 42
2676 79
2774 42
2541 140
2541 91
2541 42
2491 42
2394 91
2345 91
2345 42
2431 42
2394 128
2541 177
2492 177
2492 140
2442 140
2541 226
2492 226
2492 275
2431 177
2186 42
2149 42
2149 79
2039 91
2039 42
2088 42
2088 79
1952 91
1953 140
1953 177
1904 177
1904 140
1904 90
1806 140
1806 91
1842 91
1842 42
1990 42
1805 42
1806 176
1756 176
1904 226
1953 226
2002 189
2002 226
2001 287
1953 336
1953 287
1854 287
1953 483
1953 384
1904 483
1904 385
1904 335
1855 385
1806 385
1806 336
1843 336
1806 287
1708 287
1708 325
1745 325
1745 373
1707 373
1745 471
1708 471
1708 434
1609 434
1659 471
1659 520
1610 520
1610 482
1561 520
1561 483
1512 483
1512 433
1463 483
1463 385
1499 385
1499 336
1549 336
1549 373
1549 422
1647 373
1598 336
1646 336
1646 286
1598 287
1561 287
1561 238
1598 238
1647 238
1842 238
1842 188
1647 140
1696 140
1696 177
1744 140
1744 41
1647 91
1695 91
1695 42
1610 42
1560 42
1610 78
1560 78
1561 140
1561 177
1598 188
1511 287
1365 385
1365 336
1450 336
1450 286
1365 238
1365 189
1451 189
1451 226
1414 226
1414 275
1499 226
1499 188
1451 91
1500 91
1500 128
1500 42
1462 42
1414 91
1414 128
1365 42
1402 42
1315 42
1218 189
1120 189
1120 140
1255 140
1303 140
1303 90
1255 91
1218 91
1218 42
1255 42
1169 91
1169 42
1071 42
972 42
1071 78
924 78
924 41
924 128
924 177
924 226
875 226
826 226
826 188
826 324
777 324
777 238
777 188
728 238
728 188
679 238
679 189
679 140
679 91
716 91
716 128
863 128
863 177
765 91
862 91
862 41
765 42
814 42
679 42
716 42
630 91
630 41
581 91
581 42
482 42
629 140
629 189
630 238
581 238
581 189
532 189
532 140
569 140
532 91
482 91
483 189
483 139
483 226
520 226
520 275
581 275
630 275
728 324
728 286
777 373
727 373
777 422
727 422
777 470
728 470
679 581
630 569
630 483
667 483
667 520
630 434
667 434
630 385
667 385
630 336
666 336
666 286
581 336
531 336
581 372
532 372
483 372
483 335
433 372
532 422
532 483
434 532
434 483
471 483
434 434
471 434
384 483
373 520
324 471
373 422
372 373
372 335
373 287
422 287
422 324
471 287
373 238
422 238
373 189
421 189
421 91
385 91
385 42
422 42
335 42
336 91
336 128
287 128
238 128
238 91
274 91
274 42
188 42
189 128
189 91
140 91
140 41
139 128
287 177
287 225
226 225
238 189
139 189
189 225
139 225
189 275
79 41
2295 2590
2284 2688
2332 2688
2332 2638
2295 2639
2394 2394
2394 2345
2345 2345
2345 2382
2382 2442
2345 2443
2296 2443
1658 2291
1745 2291
1843 2291
1843 2382
1806 2382
1806 2345
1708 2345
1658 2345
1903 2247
1953 2284
1990 2284
2051 2284
2051 2345
2051 2431
2149 2479
2100 2479
2100 2529
2198 2443
2198 2480
2295 2540
2246 2639
2246 2737
2198 2786
2198 2736
2148 2786
2088 2785
1990 2785
1941 2785
1990 2725
2039 2725
2039 2774
2136 2725
2136 2688
2136 2639
2100 2639
2100 2590
2136 2590
2136 2541
2186 2541
2186 2578
2186 2676
2235 2676
2234 2578
2234 2492
2284 2492
2099 2688
1990 2687
1843 2688
1892 2688
1843 2590
1843 2627
1891 2627
1891 2590
1941 2590
1941 2676
1990 2590
1990 2627
2039 2627
2039 2676
1843 2541
1843 2492
1892 2492
1990 2492
1990 2528
1903 2528
2039 2492
2039 2578
1990 2443
1953 2443
1953 2345
1990 2345
1990 2382
1892 2443
1854 2443
1805 2492
1805 2541
1745 2540
1707 2639
1646 2627
1646 2590
1696 2590
1610 2590
1610 2541
1696 2541
1610 2443
1561 2443
1561 2529
1500 2443
1401 2394
1451 2394
1549 2394
1598 2394
1658 2394
1647 2480
1708 2382
1708 2431
1745 2431
1745 2479
1707 2479
1745 2382
1806 2431
1892 2382
1903 2291
1892 2338
1756 2095
1794 2095
1794 2137
1794 2186
1843 2149
1843 2247
1843 2198
1892 2198
1805 2247
1745 2246
1658 2246
1598 2295
1549 2345
1512 2345
1512 2295
1451 2345
1451 2247
1500 2247
1549 2247
1549 2284
1597 2247
1597 2198
1647 2198
1696 2198
1696 2235
1756 2198
1070 2095
1108 2095
1108 2137
1157 2095
1157 2137
1157 2186
1070 2186
2442 1855
2491 1904
2480 2001
2431 2002
2431 1953
2480 1953
2442 1904
678 1850
716 1850
716 1892
765 1892
765 1850
814 1850
814 1892
863 1850
912 1850
912 1892
874 1892
1009 1892
1009 1855
1059 1855
1059 1893
1059 1940
973 1940
875 1940
825 1940
875 1990
777 1990
777 1953
727 1953
727 1990
875 2038
825 2038
973 1989
924 1989
924 2039
924 2137
875 2137
875 2099
875 2185
826 2185
777 2185
728 2185
728 2149
765 2149
728 2100
765 2100
814 2100
814 2137
765 2050
728 2051
679 2051
679 2002
630 2002
630 1953
667 1953
630 1904
678 1904
1059 1801
1108 1801
1108 1843
1108 1893
1364 1654
1402 1654
1402 1745
1402 1794
1451 1745
1451 1843
1500 1843
1451 1659
1512 1745
1511 1793
1561 1892
1659 1843
1610 1843
1610 1892
1659 1892
1696 1843
1696 1892
1696 1941
1696 1990
1745 1941
1745 1990
1794 1990
1843 1941
1843 2038
1756 2038
1707 2038
1696 2100
1659 2100
1659 2051
1610 2051
1610 2002
1610 1953
1647 1953
1647 1990
1561 2002
1561 1952
1512 2002
1512 1952
1463 2002
1463 1904
1500 1904
1414 1904
1414 1854
1365 1904
1365 1854
1316 1904
1316 1854
1365 1940
1316 1940
1316 1990
1218 1990
1218 1953
1255 1953
1169 1990
1120 1990
1120 1952
1070 1990
1169 2038
1119 2038
1316 2038
1218 2038
1218 2137
1070 2050
1022 2095
1022 2001
972 2095
1022 2137
1070 2235
1022 2235
1022 2198
972 2198
1022 2332
973 2332
973 2247
924 2247
924 2283
874 2283
973 2381
924 2381
924 2344
875 2381
875 2345
825 2345
924 2431
961 2431
1070 2284
1070 2333
1108 2284
1108 2333
1205 2284
1205 2246
1108 2247
1157 2247
1255 2186
1414 1941
1364 2002
1512 2039
1462 2039
1512 2088
1462 2088
1549 2088
1549 2137
1511 2137
1549 2186
1598 2137
1560 2051
1609 2100
1647 2148
1500 2197
1451 2198
1414 2198
1414 2149
1451 2149
1364 2149
1365 2345
1365 2382
1364 2443
1316 2492
1316 2393
1255 2442
1205 2394
1205 2345
1255 2345
1255 2382
1303 2345
1303 2296
1353 2296
1303 2247
1353 2247
1402 2247
1402 2284
1353 2197
1303 2149
1303 2100
1353 2100
1401 2100
1401 2050
1353 2050
1266 2100
1266 2149
1267 2247
1267 2284
1168 2345
1120 2394
1120 2431
1022 2431
1022 2394
1059 2394
1157 2431
1157 2492
1119 2492
1108 2540
1059 2590
972 2590
1021 2639
961 2638
912 2589
863 2578
863 2627
863 2529
863 2480
912 2480
912 2529
960 2529
960 2492
1010 2492
1010 2529
1059 2492
1059 2529
863 2443
826 2443
826 2393
765 2442
764 2394
764 2296
728 2296
728 2247
777 2247
826 2235
826 2284
863 2235
924 2186
961 2137
961 2039
1157 1843
1157 1941
1206 1843
1156 1801
1156 1757
1206 1757
1206 1794
1255 1757
1255 1891
1217 1891
1304 1757
1304 1794
1352 1794
1352 1756
1304 1708
1364 1708
385 1708
385 1794
384 1843
483 1892
385 1892
335 1892
385 1941
483 1941
520 1941
569 1904
569 1941
630 2088
580 2088
630 2137
630 2333
667 2137
679 2088
679 2247
679 2197
716 2345
679 2345
679 2295
568 2442
532 2492
532 2442
483 2541
483 2442
483 2626
434 2626
434 2491
531 2590
531 2639
422 2687
373 2687
324 2541
373 2541
373 2627
373 2491
324 2491
373 2382
373 2431
421 2431
421 2394
519 2394
519 2345
569 2345
569 2382
482 2345
373 2344
434 2333
569 2284
520 2099
520 2039
569 2039
520 2002
569 2002
482 2002
422 1952
177 1843
238 1745
275 1745
275 1794
275 1843
238 1843
238 1805
238 1892
275 1892
324 1794
324 1843
323 1745
323 1707
177 1697
2100 1549
2186 1500
2235 1500
2235 1549
2198 1549
2149 1549
2149 1597
2100 1597
2050 1597
2100 1647
2051 1647
2002 1647
2002 1561
2039 1561
1953 1561
1119 1458
1206 1458
1206 1500
1168 1500
1206 1549
1120 1549
1071 1549
1071 1512
1119 1512
2687 1365
2687 1414
2393 1360
2431 1360
2431 1451
2393 1451
2431 1500
2479 1451
2479 1414
2578 1414
2578 1451
2578 1365
2627 1365
2627 1414
2590 1512
2590 1549
2590 1659
2590 1609
2590 1696
2590 1744
2541 1744
2541 1707
2627 1696
2676 1756
2626 1806
2626 1756
2491 1806
2393 1855
2345 1904
2345 1854
2345 1941
2295 1941
2345 1989
2295 1989
2382 1941
2393 2002
2247 2001
2198 2051
2198 2001
1990 1904
2039 1904
2039 1941
2088 1941
1990 1854
1843 2100
1891 2100
1891 2050
1892 1941
1892 1990
1892 1904
1940 1904
1940 1806
1904 1806
1904 1757
1855 1757
1855 1708
1941 1708
1941 1745
1990 1708
1941 1659
1941 1610
1904 1610
1904 1561
2051 1745
2002 1745
2002 1794
2051 1843
2100 1843
2137 1843
2137 1891
2099 1891
2186 1843
2186 1940
2149 1940
2149 1990
2099 1990
2149 2039
2235 1843
2235 1941
2284 1843
2284 1892
2186 1806
2149 1806
2149 1757
2186 1757
2198 1647
2198 1695
2149 1695
2149 1658
2284 1647
2284 1695
2247 1695
2247 1745
2284 1745
2284 1793
2246 1793
2382 1647
2382 1696
2344 1696
2382 1745
2431 1647
2431 1696
2431 1793
2345 1793
2345 1756
2480 1696
2480 1745
2528 1647
2528 1561
2492 1561
2492 1512
2528 1512
2528 1462
2492 1597
2442 1597
2284 1549
2284 1598
2246 1598
2333 1598
2382 1598
2333 1561
2382 1561
2431 1561
2382 1511
2284 1500
2332 1500
2332 1414
2393 1414
1855 1402
1892 1402
1904 1511
1855 1659
1855 1609
1805 1757
1805 1806
1855 1904
1855 1855
1892 1855
1794 1892
1794 1843
1696 1806
1745 1806
1745 1745
1794 1500
1794 1548
1756 1548
1843 1451
1843 1549
1892 1451
1168 1360
1206 1360
1206 1402
1304 1414
1315 1463
1451 1610
1451 1560
1414 1610
1414 1560
1364 1610
1071 1757
1071 1708
1108 1708
1206 1708
1108 1659
1156 1659
1156 1610
1206 1610
1206 1647
1255 1647
1255 1696
1304 1647
1255 1549
1304 1500
1304 1598
1353 1500
1353 1549
1255 1458
1119 1414
1168 1414
2296 1353
2332 1353
2295 1414
2284 1462
2186 1463
2235 1463
2431 1206
2431 1255
2393 1255
2431 1304
2393 1304
2578 1304
2479 1365
2529 1365
2345 1309
373 1255
335 1255
1168 1164
1206 1169
1315 1316
1364 1365
1304 1364
1119 1364
1120 1597
1022 1597
973 1597
973 1561
1010 1561
973 1512
1010 1512
973 1463
1010 1463
1058 1463
1058 1365
1058 1316
1107 1316
1107 1218
1168 1218
1157 1305
1206 1305
1255 1305
1255 1353
1206 1217
2785 1120
2834 1169
2785 1218
2823 1218
1119 1115
1168 1115
1058 1267
973 1267
973 1218
1058 1218
1058 1169
1119 1169
1206 1022
629 1108
679 1156
630 1156
531 1156
630 1206
765 1157
727 1157
765 1205
727 1205
863 1108
911 1108
911 1022
961 1022
961 1059
1010 1059
1010 1107
973 1107
973 1169
924 1218
924 1169
825 1169
973 1304
1022 1365
1022 1315
1010 1413
973 1414
923 1414
924 1463
875 1463
875 1500
826 1500
826 1414
863 1414
826 1316
826 1267
863 1267
863 1304
912 1304
912 1353
874 1353
961 1353
912 1266
863 1218
825 1218
776 1267
777 1316
777 1352
728 1352
629 1352
728 1401
678 1401
777 1414
777 1500
875 1549
912 1549
924 1500
924 1597
875 1597
875 1647
924 1745
924 1794
961 1745
961 1794
1022 1647
1022 1695
973 1695
973 1658
1059 1647
1022 1757
1022 1794
961 1850
863 1805
765 1806
814 1806
765 1757
862 1757
862 1708
826 1708
826 1610
826 1560
777 1610
777 1560
777 1696
727 1806
678 1805
630 1854
569 1843
630 1794
716 1745
716 1696
716 1560
715 1500
715 1462
667 1451
471 1365
569 1365
569 1402
531 1402
618 1402
422 1255
471 1255
471 1304
434 1304
434 1353
569 1304
666 1304
666 1267
716 1267
716 1304
666 1217
569 1267
618 1267
569 1218
532 1218
532 1255
422 1217
471 1108
471 1157
433 1157
471 1206
532 1108
569 1108
814 913
863 913
863 961
863 1009
825 1009
961 961
912 913
1010 924
1010 1010
1120 960
1071 960
1071 1010
1108 1010
1169 1010
1168 1070
1119 1070
1059 1059
1059 1108
863 1071
825 1071
814 961
2186 814
2137 874
2039 924
2100 924
716 814
667 874
2541 863
2590 863
2639 961
2676 961
2676 1010
2786 961
2823 912
2834 973
2785 1070
2688 1218
2688 1169
2724 1169
2724 1120
2724 1071
2724 1022
2823 1022
2724 972
2639 1071
2639 1022
2589 1022
2590 1071
2540 1071
2590 1108
2627 1108
2687 1120
2639 1169
2639 1206
2688 1254
2638 1254
2627 1316
2676 1316
2578 1266
2480 1255
2529 1255
2480 1217
2529 1157
2529 1206
2578 1157
2578 1206
2529 1119
2529 1010
2529 912
2529 961
2491 961
2577 961
2577 923
2247 814
2296 814
716 728
716 765
826 813
777 813
777 776
875 777
875 814
924 814
912 874
814 875
863 875
765 874
1990 618
1990 667
1952 667
1990 764
1952 764
2051 618
1952 814
2039 875
2002 875
2002 912
1941 863
1941 912
1941 716
1659 576
1745 576
679 618
716 679
765 679
618 618
2051 581
2100 581
1463 520
1500 531
1402 532
1402 434
1365 434
1255 331
1304 331
1304 470
1267 470
1267 520
569 422
1855 421
1805 421
1855 483
1855 520
1892 520
1953 520
2002 568
1952 568
1892 580
1843 580
1793 576
1793 531
1745 531
1708 520
1794 471
875 324
2639 226
2626 287
2541 287
2541 324
2578 335
2529 384
2479 335
2431 324
2431 373
2578 226
335 238
324 177
373 128
1120 90
1218 226
1119 226
1218 274
1168 274
1255 226
1255 275
1316 238
1316 275
1365 532
1365 482
1316 581
1316 531
1206 336
1168 336
961 434
1010 434
912 433
863 482
814 482
813 422
813 384
875 373
875 422
1010 373
924 324
960 324
960 287
1010 287
1010 324
961 177
961 226
1059 226
1059 275
1108 275
1059 188
1009 177
1009 140
1059 140
961 128
Edge
3086
0 1
1 2
2 3
3 4
4 5
5 6
6 7
7 8
8 9
8 10
10 11
11 12
11 13
13 14
13 15
8 16
16 17
5 18
18 19
19 20
20 21
21 22
22 23
22 24
24 25
24 26
26 27
27 28
28 29
29 30
30 31
30 32
32 33
32 34
32 35
35 36
35 37
37 38
38 39
39 40
40 41
38 42
35 43
43 44
44 45
44 46
46 47
47 48
48 49
49 50
50 51
51 52
51 53
51 54
54 55
55 56
56 57
57 58
56 59
59 60
56 61
61 62
62 63
63 64
62 65
65 66
65 67
67 68
68 69
61 70
70 71
55 72
72 73
72 74
54 75
49 76
76 77
76 78
78 79
78 80
76 81
47 82
82 83
83 84
84 85
85 86
84 87
87 88
82 89
89 90
90 91
91 92
92 93
93 94
94 95
95 96
96 97
97 98
96 99
99 100
99 101
101 102
102 103
102 104
104 105
105 106
106 107
106 108
108 109
109 110
108 111
105 112
112 113
113 114
114 115
113 116
112 117
117 118
118 119
119 120
118 121
117 122
122 123
123 124
124 125
125 126
125 127
127 128
128 129
128 130
127 131
131 132
132 133
133 134
134 135
135 136
136 137
137 138
138 139
138 140
140 141
141 142
142 143
143 144
143 145
145 146
146 147
147 148
148 149
142 150
150 151
151 152
152 153
153 154
154 155
153 156
156 157
157 158
158 159
159 160
160 161
161 162
162 163
163 164
164 165
165 166
166 167
166 168
168 169
169 170
170 171
170 172
170 173
173 174
173 175
175 176
176 177
168 178
178 179
179 180
180 181
181 182
180 183
164 184
184 185
162 186
186 187
187 188
161 189
159 190
190 191
191 192
192 193
190 194
194 195
158 196
196 197
197 198
197 199
196 200
200 201
200 202
202 203
157 204
204 205
205 206
206 207
206 208
208 209
209 210
209 211
211 212
211 213
208 214
214 215
215 216
216 217
215 218
218 219
219 220
219 221
221 222
222 223
223 224
224 225
224 226
224 227
222 228
228 229
221 230
230 231
231 232
231 233
233 234
234 235
235 236
236 237
237 238
238 239
237 240
240 241
241 242
242 243
242 244
244 245
245 246
246 247
240 248
248 249
249 250
250 251
250 252
252 253
253 254
254 255
255 256
256 257
257 258
257 259
259 260
260 261
261 262
262 263
262 264
264 265
265 266
261 267
267 268
268 269
269 270
270 271
271 272
272 273
273 274
274 275
273 276
276 277
277 278
278 279
279 280
280 281
281 282
282 283
279 284
278 285
285 286
286 287
286 288
288 289
288 290
290 291
272 292
271 293
293 294
294 295
295 296
296 297
297 298
298 299
299 300
300 301
301 302
302 303
303 304
304 305
305 306
304 307
301 308
308 309
300 310
310 311
311 312
312 313
313 314
314 315
313 316
316 317
317 318
316 319
311 320
320 321
321 322
321 323
323 324
323 325
325 326
326 327
327 328
328 329
326 330
330 331
331 332
331 333
333 334
334 335
335 336
336 337
337 338
337 339
339 340
340 341
341 342
342 343
343 344
344 345
343 346
346 347
347 348
348 349
349 350
350 351
347 352
352 353
346 354
354 355
355 356
356 357
357 358
357 359
359 360
360 361
361 362
361 363
363 364
364 365
364 366
366 367
366 368
368 369
369 370
370 371
369 372
372 373
372 374
374 375
375 376
376 377
377 378
378 379
377 380
380 381
380 382
382 383
383 384
384 385
385 386
386 387
387 388
388 389
389 390
389 391
391 392
392 393
393 394
394 395
395 396
395 397
397 398
398 399
399 400
399 401
398 402
388 403
403 404
404 405
403 406
384 407
407 408
407 409
374 410
368 411
363 412
412 413
412 414
414 415
415 416
414 417
417 418
418 419
418 420
420 421
421 422
422 423
420 424
424 425
425 426
426 427
427 428
428 429
429 430
427 431
424 432
432 433
433 434
433 435
435 436
436 437
437 438
436 439
433 440
432 441
441 442
442 443
418 444
417 445
445 446
446 447
446 448
445 449
360 450
450 451
360 452
359 453
453 454
454 455
454 456
456 457
457 458
458 459
459 460
460 461
461 462
460 463
463 464
464 465
465 466
466 467
467 468
467 469
469 470
470 471
471 472
472 473
471 474
474 475
475 476
476 477
477 478
478 479
478 475
474 480
471 481
469 482
482 483
483 484
484 485
483 486
482 487
464 488
488 489
489 490
489 491
491 492
492 493
491 494
494 495
495 496
496 497
497 498
496 499
499 500
500 501
501 502
502 503
503 504
502 505
505 506
502 507
501 508
508 509
509 510
510 511
511 512
511 513
513 514
513 515
515 516
516 517
517 518
518 519
517 520
520 521
521 522
522 523
523 524
522 525
525 526
526 527
525 528
521 529
529 530
530 531
531 532
529 533
521 534
534 535
515 536
536 537
515 538
538 539
538 540
540 541
541 542
542 543
543 544
544 545
544 546
546 547
546 548
548 549
548 550
548 551
551 552
551 553
553 554
554 555
555 556
554 557
557 558
557 559
559 560
559 561
561 562
553 563
563 564
564 565
551 566
542 567
567 568
567 569
569 570
570 571
570 572
572 573
573 574
574 575
575 576
576 577
575 578
573 579
579 580
579 581
581 582
581 583
583 584
573 585
585 586
586 587
587 588
588 589
589 590
590 591
591 592
592 593
592 594
594 595
595 596
596 597
594 598
598 599
599 600
599 601
601 602
602 603
602 604
604 605
598 606
606 607
607 608
608 609
609 610
610 611
611 612
606 613
613 614
614 615
615 616
616 617
615 618
613 619
619 620
594 621
621 622
622 623
621 624
590 625
625 626
626 627
627 628
628 629
629 630
630 631
631 632
631 633
633 634
633 635
635 636
636 637
636 638
638 639
639 640
640 641
641 642
642 643
643 644
643 645
645 646
646 647
647 648
645 649
649 650
650 651
651 652
651 653
653 654
654 655
655 656
656 657
657 658
653 659
650 660
660 661
641 662
640 663
663 664
663 665
665 666
665 667
667 668
668 669
669 670
670 671
671 672
672 673
673 674
674 675
675 676
676 677
676 678
675 679
674 680
680 681
681 682
682 683
683 684
683 685
682 686
682 687
687 688
688 689
687 690
690 691
691 692
692 693
693 694
694 695
695 696
692 697
697 698
698 699
699 700
698 701
701 702
702 703
703 704
704 705
705 706
703 707
707 708
708 709
708 710
710 711
711 712
712 713
712 714
714 715
715 716
716 717
716 718
711 719
710 720
720 721
721 722
722 723
723 724
724 725
724 726
726 727
727 728
728 729
728 730
730 731
731 732
731 733
733 734
733 735
731 736
730 737
726 738
738 739
739 740
740 741
741 742
742 743
741 744
739 745
745 746
746 747
747 748
748 749
749 750
750 751
751 752
752 753
752 754
754 755
755 756
754 757
757 758
750 759
759 760
738 761
761 762
762 763
763 764
764 765
765 766
766 767
767 768
768 769
769 770
770 771
771 772
772 773
773 774
774 775
775 776
771 777
770 778
778 779
779 780
780 781
781 782
780 783
783 784
784 785
784 786
783 787
783 788
788 789
789 790
790 791
791 792
792 793
792 794
794 795
794 796
796 797
797 798
792 799
791 800
790 801
801 802
802 803
802 804
804 805
801 806
806 807
806 808
808 809
809 810
809 811
811 812
812 813
811 814
809 815
808 816
816 817
789 818
788 819
778 820
820 821
769 822
822 823
822 824
768 825
825 826
825 827
827 828
825 829
829 830
829 831
831 832
832 833
833 834
834 835
833 836
831 837
829 838
762 839
738 840
722 841
841 842
721 843
843 844
844 845
845 846
844 847
847 848
848 849
849 850
850 851
851 852
852 853
853 854
854 855
854 856
856 857
857 858
858 859
856 860
853 861
861 862
862 863
863 864
862 865
865 866
866 867
867 868
868 869
869 870
870 871
871 872
872 873
873 874
873 875
875 876
876 877
877 878
878 879
875 880
875 881
870 882
868 883
867 884
884 885
884 886
886 887
887 888
888 889
888 890
890 891
891 892
892 893
893 894
890 895
867 896
896 897
896 898
898 899
899 900
900 901
901 902
902 903
903 904
904 905
905 906
906 907
907 908
907 909
906 910
910 911
911 912
911 913
913 914
914 915
915 916
916 917
916 918
918 919
915 920
920 921
921 922
922 923
923 924
924 925
924 926
926 927
927 928
928 929
929 930
928 931
927 932
932 933
933 934
934 935
933 936
933 937
937 938
938 939
939 940
940 941
941 942
942 943
943 944
944 945
945 946
943 947
947 948
948 949
949 950
950 951
951 952
951 953
951 954
954 955
955 956
956 957
957 958
958 959
959 960
960 961
961 962
962 963
962 964
961 965
965 966
966 967
967 968
968 969
969 970
970 971
969 972
972 973
968 974
974 975
974 976
976 977
976 978
978 979
979 980
980 981
981 982
980 983
983 984
984 985
985 986
986 987
986 988
988 989
989 990
990 991
991 992
991 993
990 994
994 995
995 996
996 997
994 998
990 999
999 1000
999 1001
989 1002
983 1003
976 1004
967 1005
965 1006
1006 1007
1007 1008
1008 1009
1006 1010
1010 1011
1011 1012
1010 1013
1013 1014
1013 1015
1013 1016
1016 1017
1017 1018
1018 1019
1019 1020
1020 1021
1020 1022
1019 1023
1023 1024
1024 1025
1025 1026
1026 1027
1027 1028
1028 1029
1029 1030
1030 1031
1028 1032
1026 1033
1033 1034
1034 1035
1034 1036
1036 1037
1036 1038
1038 1039
1039 1040
1040 1041
1041 1042
1041 1043
1043 1044
1044 1045
1045 1046
1043 1047
1047 1048
1047 1049
1049 1050
1050 1051
1051 1052
1050 1053
1053 1054
1054 1055
1055 1056
1055 1057
1057 1058
1058 1059
1057 1060
1060 1061
1061 1062
1061 1063
1063 1064
1061 1065
1065 1066
1066 1067
1066 1068
1068 1069
1069 1070
1070 1071
1071 1072
1072 1073
1073 1074
1073 1075
1075 1076
1076 1077
1077 1078
1073 1079
1079 1080
1080 1081
1081 1082
1080 1083
1070 1084
1084 1085
1085 1086
1084 1087
1084 1088
1088 1089
1089 1090
1090 1091
1091 1092
1090 1093
1088 1094
1066 1095
1095 1096
1096 1097
1097 1098
1065 1099
1099 1100
1100 1101
1101 1102
1102 1103
1103 1104
1104 1105
1105 1106
1105 1107
1107 1108
1108 1109
1109 1110
1110 1111
1111 1112
1111 1113
1113 1114
1114 1115
1115 1116
1116 1117
1117 1118
1118 1119
1110 1120
1120 1121
1120 1122
1108 1123
1123 1124
1124 1125
1125 1126
1126 1127
1127 1128
1128 1129
1129 1130
1130 1131
1131 1132
1132 1133
1133 1134
1134 1135
1135 1136
1135 1137
1137 1138
1138 1139
1139 1140
1140 1141
1141 1142
1142 1143
1143 1144
1142 1145
1145 1146
1140 1147
1147 1148
1148 1149
1147 1150
1128 1151
1127 1152
1127 1153
1153 1154
1154 1155
1154 1156
1156 1157
1157 1158
1157 1159
1159 1160
1159 1161
1161 1162
1162 1163
1163 1164
1164 1165
1165 1166
1166 1167
1166 1168
1168 1169
1169 1170
1170 1171
1168 1172
1172 1173
1173 1174
1174 1175
1175 1176
1175 1177
1177 1178
1177 1179
1179 1180
1179 1181
1181 1182
1182 1183
1183 1184
1184 1185
1185 1186
1184 1187
1183 1188
1183 1189
1189 1190
1190 1191
1191 1192
1192 1193
1193 1194
1193 1195
1195 1196
1195 1197
1197 1198
1198 1199
1197 1200
1200 1201
1200 1190
1181 1202
1202 1203
1203 1204
1204 1205
1205 1206
1206 1207
1207 1208
1207 1209
1209 1210
1210 1211
1210 1212
1212 1213
1212 1214
1214 1215
1214 1216
1216 1217
1216 1218
1218 1219
1219 1220
1218 1221
1221 1222
1222 1223
1212 1224
1224 1225
1224 1226
1224 1227
1227 1228
1205 1229
1204 1230
1230 1231
1231 1232
1231 1233
1233 1234
1230 1235
1235 1236
1236 1237
1236 1238
1236 1239
1239 1240
1230 1241
1241 1242
1202 1243
1243 1244
1244 1245
1245 1246
1246 1247
1247 1248
1245 1249
1249 1250
1250 1251
1251 1252
1252 1253
1250 1254
1254 1255
1254 1256
1256 1257
1257 1258
1257 1259
1259 1260
1260 1261
1257 1262
1262 1263
1263 1264
1263 1265
1265 1266
1266 1267
1267 1268
1268 1269
1269 1270
1270 1271
1271 1272
1272 1273
1272 1274
1274 1275
1275 1276
1275 1277
1277 1278
1278 1279
1279 1280
1280 1281
1278 1282
1282 1283
1283 1284
1284 1285
1285 1286
1286 1287
1287 1288
1288 1289
1287 1290
1286 1291
1284 1292
1292 1293
1293 1294
1294 1295
1295 1296
1296 1297
1296 1298
1298 1299
1296 1300
1300 1301
1294 1302
1302 1303
1283 1304
1304 1305
1305 1306
1306 1307
1307 1308
1308 1309
1309 1310
1310 1311
1311 1312
1312 1313
1311 1314
1314 1315
1315 1316
1316 1317
1317 1318
1318 1319
1319 1320
1320 1321
1321 1322
1321 1323
1323 1324
1324 1325
1325 1326
1323 1327
1323 1328
1328 1329
1328 1330
1330 1331
1319 1332
1318 1333
1318 1334
1334 1335
1334 1336
1311 1337
1337 1338
1338 1339
1339 1340
1338 1341
1341 1342
1341 1343
1343 1344
1344 1345
1344 1346
1346 1347
1346 1348
1348 1349
1349 1350
1350 1351
1351 1352
1352 1353
1353 1354
1354 1355
1355 1356
1355 1357
1357 1358
1358 1359
1359 1360
1359 1361
1358 1362
1357 1363
1363 1364
1364 1365
1365 1366
1364 1367
1367 1368
1357 1369
1353 1370
1370 1371
1371 1372
1372 1373
1373 1374
1374 1375
1372 1376
1376 1377
1377 1378
1378 1379
1379 1380
1380 1381
1381 1382
1382 1383
1382 1384
1384 1385
1385 1386
1386 1387
1387 1388
1388 1389
1389 1390
1390 1391
1389 1392
1389 1393
1393 1394
1394 1395
1395 1396
1395 1397
1397 1398
1398 1399
1399 1400
1400 1401
1400 1402
1402 1403
1403 1404
1404 1405
1405 1406
1406 1407
1407 1408
1407 1409
1409 1410
1410 1411
1410 1412
1406 1413
1413 1414
1414 1415
1415 1416
1414 1417
1417 1418
1418 1419
1419 1420
1419 1421
1421 1422
1422 1423
1422 1424
1422 1425
1425 1426
1426 1427
1427 1428
1428 1429
1429 1430
1430 1431
1431 1432
1432 1433
1433 1434
1431 1435
1435 1436
1429 1437
1437 1438
1437 1439
1428 1440
1427 1441
1418 1442
1442 1443
1443 1444
1444 1445
1443 1446
1442 1447
1447 1448
1448 1449
1449 1450
1450 1451
1450 1452
1452 1453
1453 1454
1454 1455
1455 1456
1455 1457
1454 1458
1453 1459
1459 1460
1460 1461
1453 1462
1449 1463
1447 1464
1464 1465
1465 1466
1466 1467
1467 1468
1466 1469
1469 1470
1470 1471
1471 1472
1471 1473
1473 1474
1474 1475
1475 1476
1476 1477
1477 1478
1478 1479
1479 1480
1480 1481
1481 1482
1480 1483
1479 1484
1484 1485
1485 1486
1486 1487
1485 1488
1488 1489
1479 1490
1490 1491
1491 1492
1491 1493
1493 1494
1494 1495
1493 1496
1490 1497
1478 1498
1498 1499
1499 1500
1500 1501
1476 1502
1475 1503
1503 1504
1504 1505
1505 1506
1505 1507
1507 1508
1507 1509
1509 1510
1509 1511
1511 1512
1511 1513
1513 1514
1514 1515
1515 1516
1516 1517
1515 1518
1514 1519
1519 1520
1519 1521
1521 1522
1522 1523
1521 1524
1524 1525
1525 1526
1526 1527
1527 1528
1527 1529
1525 1530
1530 1531
1530 1532
1532 1533
1533 1534
1533 1535
1535 1536
1536 1537
1537 1538
1538 1539
1538 1540
1540 1541
1541 1542
1541 1543
1536 1544
1544 1545
1544 1546
1546 1547
1546 1548
1548 1549
1549 1550
1549 1551
1551 1552
1552 1553
1553 1554
1554 1555
1554 1556
1556 1557
1557 1558
1558 1559
1559 1560
1557 1561
1561 1562
1562 1563
1563 1564
1564 1565
1565 1566
1566 1567
1567 1568
1568 1569
1569 1570
1570 1571
1569 1572
1572 1573
1573 1574
1574 1575
1575 1576
1576 1577
1575 1578
1578 1579
1579 1580
1578 1581
1573 1582
1582 1583
1583 1584
1584 1585
1585 1586
1586 1587
1587 1588
1587 1589
1586 1590
1590 1591
1586 1583
1582 1592
1592 1593
1593 1594
1594 1595
1592 1596
1596 1597
1597 1598
1597 1599
1599 1600
1599 1601
1601 1602
1602 1603
1603 1604
1604 1605
1605 1606
1605 1607
1607 1608
1607 1609
1605 1610
1610 1611
1611 1612
1612 1613
1613 1614
1613 1615
1615 1616
1616 1617
1617 1618
1618 1619
1619 1620
1620 1621
1620 1622
1622 1623
1622 1624
1624 1625
1620 1626
1619 1627
1627 1628
1628 1629
1629 1630
1630 1631
1630 1632
1628 1633
1633 1634
1634 1635
1635 1636
1635 1637
1628 1638
1638 1639
1639 1640
1640 1641
1640 1642
1642 1643
1627 1644
1644 1645
1645 1646
1646 1647
1647 1648
1648 1649
1649 1650
1650 1651
1650 1652
1652 1653
1653 1654
1648 1655
1655 1656
1655 1657
1657 1658
1658 1659
1659 1660
1660 1661
1661 1662
1660 1663
1663 1664
1660 1665
1665 1666
1666 1667
1667 1668
1668 1669
1669 1670
1670 1671
1671 1672
1672 1673
1673 1674
1674 1675
1673 1676
1676 1677
1677 1678
1678 1679
1679 1680
1680 1681
1681 1682
1678 1683
1683 1684
1678 1685
1685 1686
1686 1687
1686 1688
1671 1689
1670 1690
1690 1691
1668 1692
1692 1693
1693 1694
1694 1695
1695 1696
1696 1697
1694 1698
1694 1699
1693 1700
1700 1701
1701 1702
1693 1703
1667 1704
1704 1705
1705 1706
1706 1707
1707 1708
1708 1709
1709 1710
1710 1711
1711 1712
1707 1713
1713 1714
1714 1715
1714 1716
1706 1717
1717 1718
1718 1719
1719 1720
1718 1721
1721 1722
1722 1723
1723 1724
1721 1725
1717 1726
1726 1727
1727 1728
1728 1729
1726 1730
1730 1731
1731 1732
1732 1616
1612 1733
1601 1734
1734 1735
1735 1736
1596 1737
1737 1738
1738 1739
1739 1740
1737 1741
1596 1742
1742 1743
1743 1744
1744 1745
1745 1746
1745 1747
1747 1748
1748 1749
1749 1750
1750 1751
1750 1752
1747 1753
1753 1754
1744 1755
1743 1756
1592 1757
1757 1758
1582 1759
1572 1760
1760 1761
1761 1762
1568 1763
1763 1764
1763 1765
1765 1766
1766 1767
1766 1768
1768 1769
1769 1770
1770 1771
1770 1772
1772 1773
1773 1774
1774 1775
1775 1776
1776 1777
1776 1778
1778 1779
1779 1780
1780 1781
1779 1782
1782 1783
1783 1784
1784 1785
1784 1786
1786 1787
1787 1788
1788 1789
1788 1790
1790 1791
1791 1792
1792 1793
1793 1794
1794 1795
1795 1796
1795 1797
1794 1798
1798 1799
1799 1800
1798 1801
1801 1802
1802 1803
1803 1804
1804 1805
1805 1806
1806 1807
1805 1808
1808 1809
1809 1810
1809 1811
1811 1812
1808 1813
1813 1814
1814 1815
1815 1816
1816 1817
1816 1818
1818 1819
1808 1820
1820 1821
1804 1822
1802 1823
1791 1824
1824 1825
1825 1826
1826 1827
1825 1828
1828 1829
1829 1830
1830 1831
1831 1832
1832 1833
1831 1834
1834 1835
1830 1836
1836 1837
1837 1838
1837 1839
1839 1840
1836 1841
1841 1842
1829 1843
1843 1844
1843 1845
1829 1846
1846 1847
1847 1848
1848 1849
1849 1850
1850 1851
1849 1852
1852 1853
1853 1854
1854 1855
1853 1856
1856 1857
1857 1858
1858 1859
1858 1860
1860 1861
1861 1862
1861 1863
1863 1864
1864 1865
1865 1866
1866 1867
1867 1868
1867 1869
1869 1870
1870 1871
1871 1872
1871 1873
1873 1874
1873 1875
1875 1876
1876 1877
1877 1878
1878 1879
1879 1880
1880 1881
1881 1882
1879 1883
1883 1884
1884 1885
1883 1886
1886 1887
1878 1888
1888 1889
1878 1890
1890 1891
1890 1892
1892 1893
1893 1894
1877 1895
1876 1896
1875 1897
1897 1898
1898 1899
1899 1900
1900 1901
1901 1902
1901 1903
1903 1904
1900 1905
1905 1906
1905 1907
1907 1908
1908 1909
1898 1910
1897 1911
1870 1912
1912 1913
1870 1914
1914 1915
1914 1916
1916 1917
1916 1918
1918 1919
1919 1386
1385 1920
1920 1921
1921 1922
1922 1923
1923 1924
1922 1925
1925 1926
1925 1927
1927 1928
1927 1929
1929 1930
1930 1931
1929 1932
1932 1933
1932 1934
1934 1935
1935 1936
1936 1937
1936 1938
1935 1939
1939 1940
1940 1922
1921 93
91 1941
1941 1942
1942 1943
1942 1944
1944 1945
1942 1946
46 1947
43 1948
29 1949
28 1950
1950 1951
27 1952
1952 1953
1953 1954
1953 1955
1952 1956
1956 1957
1956 1958
1958 1959
1959 1960
1960 1961
1961 1962
1962 1963
1962 1964
1961 1965
1965 1966
1966 1967
1967 1968
1968 1969
1969 1970
1970 1971
1971 1972
1968 1973
1973 1974
1974 1975
1975 1976
1973 1977
1967 1978
1978 1979
1979 1980
1980 1981
1981 1982
1980 1983
1983 1984
1983 1985
1980 26
2 1986
1987 847
707 1988
1988 1989
1989 1990
1988 1991
1991 1987
852 865
866 1992
1992 1993
1993 1994
1994 1995
851 1996
850 1997
1997 1998
1998 898
1999 2000
2000 2001
2001 2002
2002 2003
2003 2004
2004 2005
2005 2006
2006 1999
2007 914
914 2008
2008 2009
913 2010
904 2011
2011 2012
902 2013
2013 2014
2014 2015
1998 2016
2016 2017
1987 2018
1991 2019
707 2020
702 2021
2021 2022
2021 2023
692 2024
687 2025
681 2026
672 2027
2027 2028
2028 2029
2028 2030
2030 2031
2031 2032
2032 2033
2033 2034
2034 2035
2035 2036
2036 2037
2037 2038
2038 2039
2039 2040
2038 2041
2041 2042
2042 2043
2031 2044
2027 2045
671 2046
2046 2047
669 2048
2048 2049
2049 2050
2050 2051
2051 2052
2052 2053
2052 2054
2054 2055
2055 2056
2056 2057
2048 2058
2058 2059
2059 2060
2060 2061
2061 2062
2062 2063
2061 2064
2064 2065
2061 2066
2066 2067
2067 2068
2068 2069
2069 2070
2060 2071
2071 2072
2059 2073
2058 2074
668 2075
667 2076
638 2077
2077 2078
2078 2079
2078 2080
2080 2081
2081 2082
2081 2083
2083 2084
2084 2085
628 2086
627 2087
2087 2088
2088 2089
2089 2090
2090 2091
2091 2092
2091 2006
2005 2093
2093 2094
2094 2095
2095 2096
2096 2097
2093 2098
2003 2099
2002 2100
2001 2101
2101 2102
2101 2007
2103 2104
2104 2105
2105 2106
2105 2107
2107 915
2001 2108
2108 2109
2109 2110
2108 2111
2000 2112
1999 2113
2090 2114
2089 2115
2115 2116
2116 2117
2088 2118
2118 2119
2119 2120
2120 2121
2121 2122
2121 2123
2123 2124
2124 2125
2125 2126
2126 2127
2126 2128
2128 2103
2129 2130
2130 2131
2130 2132
2132 2133
2133 2134
2134 2135
2135 2129
2136 957
956 2137
948 2138
947 2139
2139 2140
2140 2141
2140 2142
2142 2136
2143 2144
2144 2145
2145 2146
2144 2147
2147 2148
2148 2149
2148 2150
2150 2151
2151 2152
2152 2153
2152 2154
2154 2155
2155 2156
2156 2157
2157 2158
2158 2159
2159 2160
2160 2161
2160 2162
2162 2163
2163 2164
2164 2165
2163 2166
2162 2167
2167 2168
2159 2169
2169 2170
2170 2171
2171 2172
2172 2173
2173 2174
2173 2175
2175 2176
2176 2177
2177 2178
2178 2179
2179 2180
2179 2181
2181 2182
2182 2183
2183 2184
2182 2185
2181 2186
2186 2187
2187 2188
2188 2189
2189 2190
2190 2191
2190 2192
2192 2193
2193 2143
2194 2195
2195 2196
2196 2197
2197 2157
2156 2194
2198 2199
2199 2200
2200 2201
2200 2202
2202 2203
2203 2204
2202 2205
2205 1275
1274 2206
1271 2207
1271 2208
1268 2209
2209 2210
2210 2211
2209 2212
2209 2213
2213 2214
2214 2215
2215 2216
2215 2217
2217 2218
2218 2219
2217 2220
2220 2221
2221 2222
2222 2223
2222 2103
2126 2224
2224 2225
2225 2226
2226 2227
2227 2228
2228 2229
2229 2230
2230 2231
2228 2232
2232 2233
2232 2234
2234 2235
2234 2236
2236 2237
2237 2238
2237 2239
2239 2240
2239 2241
2241 2242
2241 2243
2243 2244
2241 2245
2245 2246
2246 2247
2247 2248
2248 2249
2249 2250
2248 2251
2251 2252
2252 2253
2252 2254
2251 2255
2255 2256
2247 2257
2257 2258
2258 2259
2259 2133
2129 2260
2129 2261
2261 2262
2261 2263
2261 2264
2135 2265
2265 2266
2266 2267
2267 2268
2266 2269
2269 2270
2270 2271
2271 2272
2272 2273
2273 2274
2270 2275
2275 2276
2276 2277
2276 2278
2278 2279
2279 2280
2276 2281
2281 2282
2265 2283
2283 2284
2283 2285
2285 2286
2285 2287
2287 2288
2285 2289
2289 2290
2134 2291
2239 2292
2236 2293
2234 2294
2294 2295
2294 2296
2296 2297
2296 2298
2298 2299
2299 2300
2299 2301
2299 2302
2227 2303
2225 2304
2125 2305
2120 2306
2119 2307
2307 2308
2308 2309
2309 2310
2309 2311
2118 2312
2312 2313
627 2314
625 2315
2315 2316
588 2317
587 2318
2318 2319
2319 2320
2320 2321
2320 2322
2322 2323
2323 2324
2323 2325
2325 2326
2326 2327
2327 2328
2326 2329
2325 2330
2330 2331
2331 2332
2332 2333
2333 2334
2332 2335
2331 2336
2330 2337
2325 2338
2338 2339
2319 2340
2318 2341
2341 2342
2342 2343
2343 2344
2344 2345
2342 2346
585 2347
2347 2348
572 2349
569 2350
2350 2351
569 2352
540 2353
538 2354
511 2355
2355 2356
510 2357
509 2358
2358 2359
2359 2360
2360 2361
2361 2362
2362 2363
2363 2364
2363 2365
2365 2366
2358 2367
2367 2368
2368 2369
508 2370
500 2371
2371 2372
2372 2373
2373 2374
2374 2375
2375 2177
2176 2376
2376 2377
2376 2378
2172 2379
2172 2380
2171 2381
2196 2382
2382 2383
2382 2384
2195 2385
2385 2386
2386 2387
2387 2388
2387 2389
2389 2390
2390 2391
2389 2392
2392 2393
2393 2394
2394 2395
2392 2396
2396 2397
2397 2198
259 2398
2398 2399
256 2400
255 2401
2401 2402
2402 2403
2402 2404
2401 2405
2405 2406
2401 2407
2407 2408
2407 2192
2189 2409
2409 2410
2409 2411
2411 2412
2411 2413
2187 2414
2374 2415
2415 2416
500 2417
2417 2418
2418 2419
495 2420
495 2421
2421 2422
494 2423
2423 2424
2423 2425
2425 2426
2426 2427
491 2428
489 2429
459 2430
458 2431
456 2432
2432 2433
2433 2434
2433 2435
2432 2436
346 2437
2437 2438
2438 2439
2439 2440
2440 2441
2441 2442
2442 2443
2443 2444
2442 2445
2437 2446
342 2447
341 2448
335 2449
333 2450
2450 2451
2450 2452
2452 2453
2452 2454
330 2455
299 2456
296 2457
2457 2458
2458 2459
2459 2460
2460 2461
2461 2462
2461 2463
2460 2464
2459 2465
2465 2466
2458 2467
2467 2468
2457 268
294 2469
1173 2470
1172 2471
2471 2472
2472 2473
2473 2474
2474 2475
2475 2476
2476 2477
2477 2478
2477 2479
2479 2480
2480 2481
2481 2482
2482 2483
2482 2484
2484 1174
2485 2486
2486 2487
2487 2488
2487 2489
2489 2490
2490 2491
2491 2492
2492 2493
2493 2485
2494 1038
1025 2495
2495 2494
2496 2497
2497 2498
2498 2499
2498 2500
2498 2501
2501 2502
2502 2503
2503 2504
2503 2505
2505 2506
2506 2507
2507 2495
1023 2508
2508 2509
1018 2510
2510 2511
2510 2512
2512 2513
2513 2514
2514 2515
2512 2516
965 2517
959 2518
2518 2519
958 2520
2136 2521
2142 2522
2522 2523
2522 2524
2524 2525
2524 2526
2526 2527
2524 2528
2139 2529
940 2530
940 2531
2531 2532
921 2533
2533 2534
2534 2535
2535 2536
2533 2537
2107 2538
2538 2539
2539 2540
2220 2541
2541 2542
2541 2543
2543 2544
2544 2545
2545 2546
2546 2547
2547 2548
2548 2549
2549 2550
2550 2551
2550 2552
2550 2553
2553 2554
2554 2555
2555 2556
2556 2484
2480 2557
2557 2558
2558 2559
2557 2560
2479 2561
2561 2562
2562 2563
2563 2564
2562 2565
2565 2566
2566 2567
2567 2568
2568 2569
2568 2570
2565 2571
2571 2572
2571 2573
2573 2574
2565 2575
2575 2576
2576 2577
2577 2578
2474 2579
2579 2580
2580 2581
2581 2582
2579 2583
2583 2584
2584 2585
2585 2586
2586 2587
2587 2588
2588 2589
2583 2590
2590 2591
2591 2592
2591 2593
2590 2594
2594 2595
2595 2596
2596 2597
2597 2598
2595 2599
2599 2600
2594 2601
2601 2602
2602 2603
2603 2604
2604 2605
2605 2606
2603 2607
2607 2608
2473 2609
2609 2610
2610 2611
2610 2612
2612 2613
2612 2614
2614 2615
2615 2616
2615 2617
2472 2618
2618 2619
2619 2620
2620 2621
2621 2496
1202 2622
2622 2623
2556 2624
2553 2625
2625 2626
2548 2627
2546 2628
2543 2629
2629 2630
2630 2631
2214 2632
2213 2633
2213 2634
2634 2635
1267 2636
1249 2637
2637 2638
2638 2639
1244 2640
2640 2641
2640 2642
2643 2644
2644 2645
2645 2646
2646 1307
1306 2647
2205 2648
2648 2649
2648 2650
2650 2651
2650 2652
2386 2653
2653 2654
2654 2655
2655 2656
2655 2657
2657 2658
2658 2659
2659 2660
2660 2661
2661 2662
2662 2663
2662 2664
2662 2665
2665 2489
2487 2666
2666 2667
2666 2668
2668 2669
2486 2670
2485 2671
2671 2672
2672 2643
1163 2673
2673 2674
2674 2620
2620 2675
2618 2676
2471 2677
2677 2678
1159 2679
2679 2680
2680 2681
2680 2682
2682 2683
2682 2684
2684 2505
2502 2685
2685 2686
1161 2687
152 2688
2688 2689
2688 214
2690 2691
2691 1341
1310 2692
1309 2693
2646 2694
2671 2695
2490 2696
2696 2697
2697 2698
2698 2699
2699 2700
2699 2701
2701 2702
2701 2703
2703 2704
2704 2705
2705 2706
2706 2707
2707 2708
2708 2709
2709 2710
2710 2711
2711 2712
2712 2713
2713 2714
2712 2715
2710 2690
2716 1053
1049 2717
1040 2718
2718 2719
2718 2716
2720 2721
2721 2690
2707 2722
2722 2723
2723 2724
2724 2725
2725 2726
2726 2727
2727 2720
2728 1349
2691 2728
132 2729
132 2730
2730 2731
2731 2732
2731 2733
131 2734
2734 2735
2734 2736
2736 2737
131 2738
2738 2739
2739 2740
2740 2741
2741 2742
2742 2743
2743 2744
2744 2745
2745 2746
2746 2726
2724 2747
2747 2748
2748 2749
2723 2750
2706 2751
2751 2752
2704 2753
2703 2754
2754 2755
2703 2756
2756 2757
2757 2758
2758 2759
2759 2760
2760 2761
2760 2762
2762 2763
2763 2764
2764 2765
2765 2766
2766 2767
2767 2768
2767 2769
2766 2770
2764 2771
2771 2772
2763 2773
2762 2774
2774 2775
2775 2776
2776 2777
2776 2778
2778 2779
2760 2780
2780 2781
2758 2782
2782 2783
2756 2784
2698 2785
2785 2786
2786 2787
2785 2788
2788 2789
2788 2790
2790 2791
2697 2792
2792 2793
2793 2794
2794 2795
2792 2796
2653 2797
2797 2798
2151 2799
2150 2800
2147 2801
2801 2802
2801 2803
2803 2804
2804 2805
2805 2806
2806 2807
2807 2808
2807 2809
2809 2810
2809 2811
2801 2812
2143 2813
2192 2814
254 2815
249 2816
248 2817
236 2818
235 2819
233 2820
2820 2821
230 2822
218 2823
2823 2824
2824 2825
2825 2826
2825 2827
2688 2828
2828 2829
2829 2830
2830 2831
2831 2832
2830 2833
2833 2834
2834 2835
2835 2836
2836 2837
2835 2838
2833 2839
2839 2840
2839 2841
2841 2842
2842 2843
2828 2844
141 2845
2845 2846
2846 2847
2846 2848
138 2849
2849 2850
124 2851
2851 2852
2852 2853
2853 2854
2854 2855
2853 2856
2852 2857
2857 2858
2858 2859
2858 1371
1370 2860
2860 2861
2861 2862
2862 2863
1353 2864
2721 2865
2720 2866
2743 2867
2867 2868
2738 2869
2869 2870
125 2871
1551 2872
2872 1535
1532 2873
1524 2874
2874 2875
2875 1552
112 2876
2876 123
122 2877
1103 2878
1102 2879
1100 2880
2880 2881
2881 2882
1099 2883
1099 2884
1060 2885
2716 2886
2718 2887
2887 2888
2888 2889
2889 2890
2890 2891
2891 2892
2892 2893
2892 2894
2891 2895
2895 2896
2896 2897
2895 2898
2898 2899
2898 2900
2900 2901
2890 2902
2888 2903
2903 2904
2887 2905
2905 2906
2506 2907
2907 2908
2684 2909
2680 2910
2910 2911
2910 2912
1156 2913
2913 2914
2913 2915
2915 2916
2913 2917
1153 2918
1125 2919
2919 2920
2920 2921
2920 2922
2922 2923
1548 2924
1546 2925
102 2926
2926 2927
2926 1380
1380 2928
2928 2929
2929 2930
1378 2931
2931 2932
1378 2933
2857 2934
2851 2935
2935 2936
124 2937
1504 2938
2938 2939
2939 2940
2939 2941
2941 2942
2938 2943
2943 1556
1553 2944
2874 2945
2945 2946
2946 2947
1513 2948
2948 2949
1507 2950
2951 2952
2952 1474
1473 2951
1920 2953
2926 2954
2954 2955
94 2956
2943 2957
2957 2958
2958 1566
1790 2959
1783 2951
1469 2960
1465 2961
2961 2962
2962 2963
2963 1824
2964 2965
2965 2966
2966 2967
2967 2968
2968 1413
1403 2964
1939 2969
1768 2970
2970 2971
1765 2972
2972 2973
2973 2974
1763 2975
1567 2976
2976 2977
1504 2978
1503 2979
2952 2980
2980 2981
2952 2982
1779 2983
1778 2984
1866 2985
2985 1869
1704 2986
1659 2987
2987 2988
2988 2989
1657 2990
1648 2991
1647 2992
1618 2993
2993 2994
1730 2995
1956 2996
1978 2997
1966 2998
1848 2999
1846 3000
3000 3001
3000 3002
3002 3003
3000 3004
3004 3005
1828 3006
3006 3007
2961 3008
3008 3009
1464 3010
3010 3011
1402 3012
3012 3013
1394 3014
3014 3015
1393 3016
1388 3017
1387 3018
1916 3019
3019 3020
2985 3021
3021 3022
3021 3023
1865 3024
3024 3025
3025 3026
3026 3027
3027 3028
1864 3029
3029 3030
3030 3031
3031 3032
3032 3033
3031 3034
3029 3035
3035 3036
3036 3037
1863 3038
