Vertice
348
99 35
99 92
46 92
46 46
46 150
92 150
92 208
46 208
92 266
150 266
150 220
151 150
208 92
208 208
266 208
266 266
266 324
220 324
220 278
220 382
162 382
162 336
46 336
46 278
47 382
47 556
92 556
150 556
150 614
104 614
47 614
47 673
104 672
104 730
47 730
47 788
93 788
208 672
208 730
163 730
163 788
163 904
46 904
46 859
93 859
208 904
208 962
266 962
266 1020
162 1020
162 974
47 974
47 1020
93 1020
162 1136
104 1136
104 1090
47 1090
47 1137
324 962
324 1020
324 1078
278 1078
220 1078
278 1136
220 1136
325 1136
382 1078
382 1136
440 1136
498 1136
789 1136
498 1033
556 1033
556 1079
556 974
615 974
556 916
510 916
453 916
453 1020
383 962
324 859
382 859
382 905
266 916
208 788
208 847
266 788
266 847
324 730
324 789
440 789
440 847
440 742
440 684
498 684
498 730
614 730
614 788
511 788
511 847
614 846
568 846
614 904
672 904
672 962
672 1020
626 1020
730 1020
730 1078
626 1078
730 962
788 962
788 1078
846 1078
846 1137
846 1032
846 962
904 962
904 1020
962 1020
962 1078
916 1078
962 1136
916 1136
962 962
1021 962
962 858
1020 858
1020 904
1078 904
1078 962
1078 1078
1032 1078
1032 1032
1078 1136
1032 1136
1136 1078
1136 1137
1136 962
1137 904
1078 859
1137 859
1020 801
1078 801
1136 801
1136 742
1078 742
1078 626
1136 626
1136 673
1136 568
1032 626
974 626
974 568
916 568
916 511
962 511
1020 511
1020 556
1078 556
1078 510
962 452
1136 452
1136 499
1136 336
1090 336
1032 336
1032 278
1078 278
1137 278
1078 220
1137 220
1078 163
1136 163
1136 46
1032 220
1032 162
1032 104
1079 104
1032 47
1079 47
916 162
916 104
916 47
962 47
962 93
858 104
858 46
800 104
800 46
742 104
742 46
742 150
684 150
684 104
626 104
626 47
673 47
568 104
626 151
684 208
626 208
684 266
626 266
568 266
626 324
626 382
568 382
568 336
510 382
510 336
510 278
510 220
556 220
556 162
453 162
453 220
394 208
394 162
337 208
337 266
324 92
324 150
278 150
208 47
382 47
382 93
498 47
498 92
452 92
557 47
156 35
510 963
440 1090
741 853
788 853
846 853
741 916
789 916
335 621
382 621
440 621
394 684
394 742
335 684
278 447
324 447
324 499
440 447
440 499
440 556
382 568
382 510
336 568
278 621
278 568
220 568
220 510
278 510
92 447
150 447
150 510
278 684
208 626
440 382
510 441
568 499
974 336
1090 383
974 394
1021 394
672 324
672 440
672 498
627 498
627 556
627 615
673 556
730 498
730 556
788 556
788 614
846 614
846 568
916 615
974 673
1032 673
974 742
916 858
916 800
963 800
858 800
916 905
788 800
742 800
742 743
788 743
904 743
904 684
788 684
847 684
684 684
684 627
731 627
684 853
673 788
673 730
614 684
556 684
556 626
498 556
498 615
568 557
626 446
916 215
962 215
962 278
916 452
730 440
788 440
788 499
846 440
846 499
846 394
905 394
800 394
800 278
846 278
846 324
905 324
915 278
452 278
452 336
394 382
394 336
336 382
336 336
267 382
383 266
742 208
800 208
730 394
730 324
730 278
858 215
847 150
Edge
363
0 1
1 2
2 3
2 4
4 5
5 6
6 7
6 8
8 9
9 10
5 11
1 12
12 13
13 14
14 15
15 16
16 17
17 18
17 19
19 20
20 21
21 22
22 23
20 24
24 25
25 26
26 27
27 28
28 29
29 30
30 31
29 32
32 33
33 34
34 35
35 36
32 37
37 38
38 39
39 40
40 41
41 42
42 43
43 44
41 45
45 46
46 47
47 48
48 49
49 50
50 51
51 52
52 53
49 54
54 55
55 56
56 57
57 58
47 59
59 60
60 61
61 62
62 63
62 64
64 65
64 66
61 67
67 68
68 69
69 70
70 71
70 72
72 73
73 74
73 75
75 76
75 77
77 78
78 79
79 80
80 60
59 81
59 82
82 83
83 84
47 85
40 86
86 87
86 88
88 89
38 90
90 91
91 92
92 93
92 94
94 95
95 96
96 97
97 98
98 99
99 100
100 101
99 102
102 103
102 104
104 105
105 106
106 107
107 108
107 109
109 110
110 111
106 112
112 113
113 114
114 115
115 116
115 117
113 118
118 119
119 120
120 121
121 122
122 123
122 124
124 125
119 126
126 127
126 128
128 129
129 130
130 131
131 132
132 133
133 134
134 135
133 136
136 137
133 138
138 139
138 140
140 132
131 141
131 142
142 143
129 144
144 145
145 146
146 147
145 148
148 149
149 150
150 151
150 152
149 153
153 154
154 155
155 156
156 157
157 158
158 159
159 160
160 161
161 162
158 163
163 164
164 165
164 166
166 167
167 168
168 169
169 170
170 171
170 172
172 173
172 174
174 175
175 176
172 177
177 178
178 179
179 180
179 181
181 182
178 183
183 184
184 185
185 186
186 187
184 188
188 189
188 190
190 191
190 192
192 193
192 194
194 195
195 196
196 197
197 198
198 199
197 200
197 201
195 202
202 203
202 204
204 205
205 206
205 207
207 208
208 209
209 210
209 211
211 212
212 213
213 214
214 215
215 216
216 217
217 218
218 219
219 220
219 221
221 222
222 15
12 223
223 224
224 225
12 226
226 227
227 228
227 229
229 230
230 231
229 232
0 233
78 234
69 235
236 237
237 238
238 118
112 239
239 240
239 236
241 242
242 243
243 95
95 244
94 245
90 246
246 241
247 248
248 249
248 250
250 251
251 252
252 243
242 253
253 254
253 255
241 256
256 257
257 258
258 259
259 260
260 247
261 262
262 263
263 259
246 264
37 265
26 261
266 211
211 267
209 268
268 251
250 266
19 259
269 168
167 270
163 271
271 272
271 269
207 273
273 274
274 275
275 276
276 277
277 278
277 279
275 280
280 281
281 282
282 283
283 284
284 285
285 156
156 286
154 287
153 288
148 289
128 290
290 291
291 292
291 293
290 294
237 295
295 296
296 297
297 298
298 299
299 300
298 301
301 302
301 303
303 304
304 305
236 306
99 307
98 308
98 309
96 310
310 311
252 312
312 313
268 314
208 315
316 317
317 318
318 169
163 319
274 320
320 321
321 322
321 323
323 324
323 325
325 326
325 327
327 328
328 329
329 330
330 331
329 332
332 316
218 214
213 333
212 334
266 335
335 336
335 337
337 338
19 339
222 340
316 183
194 341
341 342
342 328
320 343
273 344
344 345
316 346
194 347
