Vertice
2559
37 31
37 81
80 31
80 130
130 130
130 181
130 43
180 43
180 80
230 80
230 130
192 130
280 80
280 43
330 43
330 80
380 80
380 130
342 130
293 130
293 180
242 180
193 180
193 230
92 230
92 192
42 192
42 142
42 231
92 330
42 330
42 292
193 280
193 330
142 330
142 292
193 381
230 280
230 330
230 381
280 330
280 380
380 380
380 430
380 480
342 480
342 442
292 442
293 480
293 530
242 530
242 492
192 492
192 442
231 442
142 442
142 392
92 442
92 392
92 480
42 480
42 392
142 531
142 580
92 580
92 542
42 542
92 630
42 630
42 592
42 681
142 630
142 681
180 630
180 681
180 592
192 531
242 581
342 580
292 580
342 631
380 631
380 680
342 680
292 680
292 642
242 642
342 781
380 830
342 830
430 680
430 730
480 730
480 780
442 780
480 830
443 830
443 880
292 880
480 880
480 930
443 930
443 981
480 981
530 981
530 1030
492 1030
530 1080
492 1080
442 1080
442 1042
392 1042
392 992
342 1042
342 992
292 992
292 943
381 943
242 992
292 1030
243 1030
243 1130
192 1130
192 1092
192 992
142 992
142 893
180 893
180 930
231 930
231 893
180 843
230 843
281 843
230 792
92 992
92 942
42 942
42 892
80 892
80 842
131 842
80 793
180 793
180 742
230 742
280 742
280 781
230 692
92 742
92 692
42 742
42 792
142 1092
142 1042
93 1042
93 1080
42 1080
42 992
142 1130
42 1130
142 1180
92 1180
42 1180
92 1231
142 1280
92 1280
42 1280
42 1242
42 1331
92 1381
92 1430
42 1430
42 1392
92 1480
43 1480
43 1530
43 1581
81 1530
142 1381
180 1280
180 1330
180 1480
142 1480
142 1442
142 1531
230 1330
230 1380
280 1380
280 1342
231 1280
180 1243
231 1243
181 1180
280 1130
280 1180
242 1180
280 1280
330 1280
330 1330
380 1330
380 1380
342 1380
431 1380
431 1330
380 1280
380 1242
380 1193
430 1193
430 1230
480 1230
480 1280
442 1280
480 1192
342 1242
331 1180
331 1130
280 1092
342 1081
392 1081
442 1130
392 1130
492 1131
530 1130
580 1130
580 1180
542 1180
580 1230
543 1230
543 1280
543 1330
580 1330
580 1381
581 1280
680 981
680 1030
593 1030
593 1080
630 1080
630 1131
680 1080
680 1130
680 1180
642 1180
680 1230
643 1230
643 1280
643 1330
643 1380
681 1380
730 1330
730 1293
780 1293
780 1330
830 1330
830 1380
880 1380
880 1431
930 1380
930 1342
880 1330
880 1293
980 1293
980 1381
980 1242
1030 1242
1030 1192
980 1192
942 1242
942 1192
892 1192
892 1142
842 1192
842 1142
842 1231
892 1231
831 1293
780 1180
780 1142
731 1130
730 1080
730 1043
780 1043
780 1081
830 1043
830 1080
881 1080
830 993
880 993
880 1030
980 1030
980 992
880 942
930 942
930 981
880 842
930 842
930 880
980 880
980 930
1031 930
981 842
930 692
980 692
980 781
1030 692
1030 730
1030 780
1080 780
1080 830
1080 880
1042 880
1042 842
1080 980
1042 980
1080 1031
1130 880
1130 931
1180 880
1230 880
1230 930
1280 930
1280 980
1192 980
1192 942
1143 980
1143 1080
1042 1080
1042 1042
992 1080
943 1080
943 1131
992 1131
1042 1131
1143 1130
1092 1130
1143 1181
1180 1130
1180 1043
1231 1043
1330 930
1380 930
1380 980
1342 980
1380 842
1380 792
1430 792
1430 830
1530 830
1530 880
1492 880
1530 930
1492 930
1442 930
1442 892
1442 981
1492 980
1530 980
1530 1030
1443 1030
1443 1130
1530 1130
1530 1180
1442 1180
1581 1180
1581 1130
1530 1092
1492 1092
1580 930
1580 980
1630 980
1630 1030
1593 1030
1593 1081
1630 943
1680 943
1680 980
1730 980
1780 980
1780 1030
1742 1030
1693 1030
1693 1080
1642 1080
1742 1081
1780 1080
1830 1080
1830 1130
1793 1130
1793 1181
1830 1180
1830 1230
1792 1230
1830 1281
1880 1230
1880 1280
1880 1331
1931 1280
1881 1180
1830 1043
1880 1043
1880 1131
1931 1043
1730 892
1780 892
1780 842
1730 793
1830 793
1830 831
1880 793
1880 880
1842 880
1880 930
1842 930
1792 930
1842 981
1930 930
1930 980
1892 980
1980 980
1980 1031
2030 980
2030 1031
2130 980
2130 943
2180 943
2180 892
2230 892
2230 930
2280 930
2280 892
2230 842
2280 842
2331 842
2280 793
2330 793
2330 742
2380 742
2380 830
2380 880
2342 880
2380 930
2343 930
2343 980
2292 980
2193 980
2193 1031
2292 1030
2243 1030
2243 1080
2143 1080
2143 1130
1992 1130
1992 1092
2080 1092
2080 1043
2131 1043
1943 1092
1943 1131
1992 1180
1942 1180
2030 1180
2030 1230
1942 1230
2130 1230
2130 1280
1993 1280
1993 1330
1993 1380
2030 1380
2030 1480
1992 1480
1992 1442
2030 1531
2080 1480
2080 1630
2042 1630
2042 1592
1942 1592
1942 1542
1981 1542
1942 1392
1942 1342
1892 1392
1842 1392
1842 1342
1792 1342
1792 1292
1742 1292
1742 1142
1643 1142
1643 1230
1592 1230
1680 1230
1680 1192
1692 1292
1692 1342
1642 1342
1642 1292
1592 1292
1542 1292
1542 1242
1492 1242
1392 1242
1392 1192
1392 1142
1392 1092
1342 1092
1342 1042
1381 1042
1292 1042
1292 1142
1292 1092
1292 1230
1192 1230
1192 1193
1230 1193
1230 1092
1292 1280
1192 1280
1143 1280
1143 1330
1092 1330
1092 1292
1092 1242
1131 1242
1092 1192
1042 1292
1043 1330
1043 1430
1043 1480
1081 1480
1080 1430
1131 1430
1080 1393
1131 1393
1192 1330
1192 1380
1192 1480
1143 1480
1143 1530
1092 1530
1043 1530
1043 1630
992 1630
992 1592
942 1630
942 1592
892 1592
892 1542
931 1542
842 1542
842 1492
930 1492
980 1492
980 1531
980 1442
930 1442
842 1442
792 1442
742 1442
742 1393
781 1393
742 1480
692 1480
692 1442
642 1480
642 1442
543 1480
543 1531
692 1531
742 1531
792 1581
893 1630
893 1680
842 1680
842 1592
792 1680
792 1642
742 1680
742 1642
692 1680
692 1642
692 1592
731 1592
642 1592
642 1542
592 1542
492 1592
492 1442
530 1442
581 1442
530 1392
492 1342
443 1442
443 1480
392 1480
443 1530
342 1530
342 1492
342 1442
381 1442
242 1442
292 1492
292 1530
242 1530
242 1492
192 1530
292 1580
242 1580
192 1580
242 1630
193 1630
193 1680
142 1680
42 1680
42 1643
80 1643
130 1643
130 1592
80 1592
142 1730
92 1730
281 1630
380 1580
380 1630
342 1630
380 1680
343 1680
343 1730
292 1730
292 1692
242 1692
192 1730
292 1780
331 1780
443 1631
593 1642
593 1680
542 1680
542 1642
542 1730
492 1730
492 1692
492 1642
442 1692
443 1730
443 1780
392 1780
392 1742
480 1780
480 1830
442 1830
392 1830
442 1880
392 1880
342 1880
342 1842
292 1880
292 1842
242 1880
242 1842
392 1930
431 1930
480 1880
531 1880
531 1780
580 1730
580 1781
630 1730
681 1730
630 1692
742 1730
781 1730
842 1731
893 1730
893 1780
742 1780
893 1830
893 1880
842 1880
842 1842
792 1842
793 1880
793 1931
842 1931
893 1980
930 1980
930 2030
892 2030
930 2080
842 2080
842 2042
842 1992
792 2042
793 2080
793 2130
742 2130
742 2092
742 1992
781 1992
742 1892
692 1992
643 2092
643 2131
693 2130
693 2181
742 2181
830 2130
830 2180
793 2180
793 2230
831 2230
880 2180
880 2143
930 2143
930 2230
893 2230
893 2330
842 2330
842 2292
792 2330
792 2292
742 2292
742 2242
692 2242
980 2230
980 2280
943 2280
943 2331
980 2330
980 2380
980 2480
942 2480
942 2442
942 2392
892 2442
892 2392
792 2392
792 2442
892 2530
930 2530
930 2580
893 2580
893 2631
930 2631
1030 2480
1030 2530
993 2530
993 2581
1030 2630
993 2630
993 2680
942 2680
892 2680
792 2680
792 2642
830 2642
830 2592
830 2542
830 2492
792 2542
792 2492
742 2542
742 2492
642 2492
642 2442
680 2442
731 2442
680 2393
731 2393
592 2442
592 2392
631 2392
442 2392
442 2342
442 2292
480 2292
530 2292
530 2330
492 2330
580 2330
680 2330
731 2330
680 2292
580 2293
630 2293
630 2242
630 2192
592 2192
592 2242
480 2242
531 2242
480 2192
530 2192
530 2142
580 2142
580 2043
630 2043
681 2043
630 1942
681 1942
630 1892
680 1892
680 1843
731 1843
630 1842
630 1793
681 1793
592 1842
542 1842
592 1881
492 2142
492 2092
530 2092
530 1992
580 1992
580 1942
542 1942
492 1992
492 1942
442 1992
392 1992
342 1992
342 1942
242 1992
142 1992
142 1942
281 1942
142 1842
180 1842
180 1881
180 1792
231 1792
142 1792
92 1842
92 1792
42 1842
42 1742
42 1881
92 1942
92 1892
92 1980
42 1980
42 1942
92 2030
42 2030
92 2080
42 2080
92 2130
43 2130
43 2230
80 2230
80 2280
43 2280
43 2430
80 2430
80 2480
130 2480
130 2530
42 2530
42 2492
42 2580
80 2580
80 2630
43 2630
43 2680
43 2731
80 2680
80 2730
131 2730
80 2381
130 2381
130 2431
180 2381
180 2480
230 2480
230 2442
230 2381
230 2342
281 2342
192 2342
192 2292
281 2292
142 2292
142 2230
142 2192
180 2192
180 2231
230 2192
230 2231
230 2142
280 2142
280 2092
330 2092
330 2042
242 2042
392 2031
442 2031
492 2031
393 2092
393 2130
342 2130
393 2180
292 2180
393 2230
342 2230
292 2230
342 2292
342 2380
293 2380
293 2530
330 2530
330 2580
380 2580
380 2680
342 2680
342 2642
292 2680
292 2642
292 2592
242 2642
242 2592
192 2592
192 2543
231 2543
142 2592
192 2630
142 2630
192 2680
142 2680
243 2680
243 2730
192 2730
281 2730
342 2731
380 2731
430 2680
430 2731
392 2342
393 2392
393 2430
342 2430
393 2480
342 2480
393 2531
442 2481
442 2530
442 2580
481 2580
481 2530
530 2481
530 2530
530 2580
580 2580
580 2680
580 2730
542 2730
542 2642
492 2730
492 2642
442 2642
630 2680
630 2730
730 2730
730 2680
892 2730
792 2730
942 2730
1030 2730
1181 2730
1080 2480
1080 2580
1080 2680
1131 2680
1130 2580
1130 2631
1181 2580
1130 2543
1180 2543
1230 2543
1230 2580
1230 2630
1230 2680
1192 2680
1192 2642
1230 2730
1380 2730
1530 2730
1530 2692
1580 2692
1580 2731
1630 2692
1680 2692
1730 2692
1730 2643
1830 2643
1830 2592
1880 2592
1880 2631
1930 2592
1980 2592
1980 2630
1943 2630
1943 2680
1943 2730
1842 2730
1842 2692
1881 2692
1793 2692
1793 2730
1642 2730
1980 2680
1980 2731
2130 2630
2231 2630
2130 2592
2181 2592
2130 2542
2092 2542
2042 2542
2042 2492
2081 2492
1992 2492
2042 2581
2092 2581
1980 2542
1930 2542
1792 2592
1792 2492
1742 2492
1742 2442
1830 2442
1880 2442
1880 2480
1843 2480
1843 2530
1881 2530
1930 2480
1930 2443
1981 2443
1830 2392
1880 2392
1930 2392
2030 2392
2030 2430
2081 2430
2080 2392
2080 2343
2130 2343
2130 2480
2180 2480
2180 2531
2230 2480
2230 2580
2280 2580
2280 2630
2330 2630
2330 2730
2192 2730
2192 2693
2281 2693
2092 2730
2092 2693
2131 2693
2042 2730
2042 2692
2330 2593
2380 2593
2380 2631
2430 2593
2430 2680
2393 2680
2393 2731
2430 2731
2480 2593
2480 2631
2430 2492
2380 2542
2280 2480
2280 2530
2330 2530
2330 2442
2380 2442
2380 2481
2380 2342
2430 2342
2430 2380
2430 2431
2481 2380
2430 2292
2480 2292
2480 2331
2430 2243
2530 2243
2530 2281
2630 2243
2630 2280
2593 2280
2593 2330
2543 2330
2543 2430
2493 2430
2493 2481
2580 2430
2580 2393
2630 2393
2630 2431
2680 2393
2680 2480
2592 2480
2542 2480
2592 2530
2631 2530
2680 2530
2680 2580
2680 2630
2643 2630
2643 2680
2592 2680
2592 2592
2631 2592
2542 2592
2542 2542
2492 2542
2542 2631
2542 2680
2592 2730
2492 2730
2492 2692
2643 2731
2680 2680
2730 2680
2730 2730
2692 2730
2730 2642
2731 2580
2730 2530
2730 2442
2630 2342
2730 2280
2730 2330
2692 2330
2730 2381
2730 2242
2530 2193
2580 2193
2680 2193
2680 2231
2731 2193
2680 2142
2731 2142
2680 2092
2730 2092
2730 2042
2642 2042
2642 1992
2592 1992
2592 1942
2492 1942
2492 1892
2580 1892
2630 1892
2630 1931
2580 1792
2630 1792
2630 1831
2680 1792
2680 1981
2730 1792
2730 1981
2730 1742
2680 1742
2680 1692
2731 1692
2680 1643
2730 1643
2730 1592
2730 1542
2692 1592
2692 1493
2731 1493
2642 1692
2642 1742
2580 1742
2580 1692
2580 1642
2630 1642
2630 1442
2680 1442
2680 1392
2630 1392
2592 1392
2592 1342
2630 1342
2630 1292
2592 1192
2630 1192
2630 1230
2680 1230
2730 1230
2730 1280
2692 1280
2730 1330
2692 1330
2730 1431
2730 1142
2730 1092
2692 1142
2680 1192
2630 1092
2592 1142
2542 1192
2542 1142
2492 1142
2492 1092
2442 1142
2442 1092
2392 1142
2380 1042
2430 1042
2430 992
2430 880
2430 931
2430 830
2430 792
2480 792
2480 831
2430 742
2380 692
2430 692
2480 692
2480 731
2430 642
2380 592
2430 592
2430 542
2530 542
2530 630
2492 630
2492 592
2530 731
2580 542
2580 580
2630 580
2630 630
2593 630
2593 730
2593 780
2542 780
2593 831
2630 780
2630 830
2630 930
2630 980
2542 980
2542 942
2580 942
2580 892
2542 892
2542 842
2492 942
2492 892
2493 980
2493 1031
2542 1030
2580 1030
2580 1080
2542 1080
2680 1030
2680 1081
2730 1030
2730 992
2730 942
2692 992
2681 930
2680 830
2680 881
2730 830
2730 881
2730 742
2692 742
2692 692
2643 692
2643 730
2730 580
2730 630
2692 630
2730 681
2630 543
2680 543
2680 492
2530 492
2630 492
2630 392
2492 492
2430 492
2430 442
2531 442
2392 442
2392 392
2530 392
2530 342
2392 342
2392 292
2430 292
2430 331
2480 292
2480 331
2480 192
2442 192
2442 142
2480 142
2480 92
2442 92
2442 42
2530 42
2530 80
2530 230
2530 281
2580 230
2580 280
2580 431
2630 280
2630 330
2730 330
2730 380
2693 380
2693 431
2730 531
2730 292
2692 292
2630 242
2680 242
2730 242
2730 192
2680 192
2630 192
2580 143
2631 143
2631 80
2680 42
2680 80
2680 131
2730 80
2730 131
2731 42
2392 42
2392 142
2430 242
2342 292
2342 242
2381 242
2292 242
2292 192
2330 192
2381 192
2330 142
2330 92
2381 92
2330 42
2242 42
2292 142
2292 92
2243 92
2243 131
2242 192
2292 342
2292 292
2342 492
2342 442
2342 392
2292 392
2293 442
2293 530
2242 530
2392 542
2342 592
2342 542
2342 631
2330 692
2292 692
2292 592
2242 592
2242 692
2242 642
2192 642
2192 492
2230 492
2230 442
2230 392
2192 442
2142 492
2192 692
2142 692
2142 592
2142 542
2043 592
2043 630
2043 680
1992 680
1992 642
1942 642
1942 593
1980 593
1980 542
1892 542
1892 493
1980 493
1980 442
1942 442
1942 392
1980 392
1980 343
2080 343
2080 430
2042 430
2042 392
2080 480
2042 480
2080 530
2042 530
2130 343
2130 292
2130 242
2180 242
2180 280
2230 280
2230 330
2193 330
2193 380
2143 380
2143 431
2230 242
2130 93
2180 93
2180 181
2180 42
2093 42
2093 80
2042 80
1992 80
1992 43
2031 43
1942 80
1942 42
1892 42
1792 42
1892 80
1842 80
1992 130
1942 130
1892 130
1942 180
1892 180
1842 180
1842 142
1792 180
1792 92
1692 92
1692 42
1731 42
1593 42
1593 80
1542 80
1542 42
1492 42
1442 42
1492 81
1542 130
1442 130
1442 92
1293 130
1293 180
1242 180
1293 230
1242 230
1193 230
1193 330
1142 330
1142 292
1142 193
1180 193
1180 142
1231 142
1142 142
1142 92
1092 142
1092 92
1092 42
1180 42
1180 81
1230 42
1230 81
1280 42
1280 81
1330 42
1330 81
1380 42
1380 81
1042 42
992 92
992 42
942 142
942 92
892 92
892 43
931 43
942 181
1092 180
992 180
1092 292
1092 242
1043 242
1043 281
1092 330
992 330
992 242
892 242
892 142
892 280
931 280
992 430
942 430
992 480
942 480
892 480
892 442
892 580
842 580
842 442
792 580
792 542
792 442
742 542
742 492
642 492
642 442
680 442
680 343
780 343
780 380
743 380
743 431
830 343
830 380
881 380
930 343
930 381
830 292
642 342
642 292
642 242
680 242
680 281
730 242
730 281
730 192
780 192
780 281
730 92
780 92
780 131
830 92
830 231
830 42
780 42
730 42
642 142
680 142
680 181
680 92
680 42
642 92
642 42
592 142
492 142
492 92
530 92
580 92
580 42
530 42
442 42
443 92
443 130
380 42
231 43
492 2442
592 2492
642 2530
642 2581
680 2530
680 2581
792 2592
742 2642
742 2592
681 2680
630 2643
681 2643
581 2530
1392 2337
1430 2337
1530 2337
1530 2380
1630 2380
1630 2430
1630 2531
1680 2430
1680 2530
1731 2530
1680 2393
1742 2393
1680 2593
1731 2593
1630 2592
1492 2692
1380 2692
1431 2692
1342 2692
1342 2643
1481 2643
1281 2680
1281 2630
1280 2580
1331 2580
1280 2542
1180 2493
1330 2493
1380 2493
1380 2530
1342 2530
1430 2530
1430 2580
1392 2580
1480 2580
1530 2580
1530 2630
1581 2630
1581 2580
1480 2543
1580 2543
1580 2492
1542 2492
1542 2443
1581 2443
1430 2492
1480 2492
1480 2392
1430 2392
1330 2442
1392 2442
1741 2287
1830 2287
1741 2342
1780 2342
1780 2381
1692 2287
1630 2342
1692 2342
1342 2237
1430 2237
1430 2280
1292 2442
1031 2380
1030 2330
1080 2330
1080 2380
1080 2430
1042 2430
1130 2430
1130 2481
1181 2430
1130 2380
1230 2380
1230 2431
1230 2342
1280 2342
1280 2381
1330 2342
1330 2381
1342 2292
1381 2292
142 2331
1991 2187
2080 2187
2130 2187
2130 2230
2130 2280
2092 2280
2092 2242
2042 2280
1992 2280
2030 2330
1992 2330
1930 2342
1880 2293
1930 2293
1930 2242
1991 2242
2031 2242
1891 2137
1930 2137
1991 2137
1930 2192
1741 2242
1880 2242
1891 2192
980 2080
980 2130
980 2181
1030 2130
1030 2180
1030 2230
442 2192
442 2142
431 2230
192 2042
242 2092
192 2142
192 2092
142 2142
80 2192
130 2080
130 2042
991 1887
1030 1887
1030 1930
1080 1930
1080 1980
1042 1980
1080 2031
1130 1980
1130 2030
1180 2030
1180 2080
1042 2080
1042 2042
992 2042
991 1980
1991 1787
2080 1787
2130 1787
2130 1880
2180 1880
2180 1931
2230 1880
2230 1930
2280 1930
2280 1980
2193 1980
2193 2080
2193 2130
2142 2130
2193 2187
2080 2142
2080 2092
2042 2142
1930 2042
1980 2042
1980 2081
2030 2042
2030 2081
1930 1992
1930 1943
1980 1943
1980 1892
2030 1892
2030 1930
2030 1980
1992 1980
2080 1930
2080 2030
2130 2030
2130 2081
2130 1992
2131 1930
2080 1892
2080 1842
1991 1842
2492 1742
2492 1842
2530 1842
2530 1792
2492 1487
2530 1487
2530 1531
2580 1487
2580 1580
2493 1580
2493 1630
2392 1630
2392 1592
2431 1592
2342 1592
2342 1542
2430 1542
2492 1542
2191 1437
2230 1437
2230 1481
2280 1437
2342 1437
2292 1542
2292 1492
2243 1542
2243 1580
2243 1631
2281 1580
2493 1692
2442 1680
2492 1980
2531 1980
2642 2092
2580 2143
2631 2143
2380 2292
2380 2242
2292 2292
2330 2342
2230 2392
2280 2392
2280 2431
2230 2342
2281 2342
2230 2292
2192 2292
2192 2392
2180 2442
2181 2343
2230 2230
2230 2192
2231 2130
2230 2080
2230 2043
2281 2043
2180 1787
2230 1787
2230 1830
2192 1830
2280 1830
2280 1881
2380 1830
2380 1880
2343 1880
2343 1930
2343 2030
2380 2030
2380 2080
2342 2080
2292 2080
2342 2130
2292 2130
2342 2180
2293 2180
2293 2231
2342 2231
2381 2180
2380 2131
2380 1992
2381 1930
2430 1880
2430 2030
2430 2131
2480 2030
2480 2180
2442 2180
2580 2030
2580 2080
2543 2080
2543 2131
2430 1742
2392 1742
2392 1692
2392 1781
2280 1742
2330 1742
2330 1781
2330 1642
2292 1642
2280 1692
2180 1742
2230 1742
2230 1692
2180 1642
2142 1642
2130 1742
2080 1692
2131 1692
2130 1480
2130 1530
2130 1581
2191 1530
2180 1586
1330 1380
1330 1430
1292 1430
1242 1430
1292 1530
1243 1530
1243 1580
1192 1580
1192 1542
1143 1580
1231 1480
2191 1337
2230 1337
2230 1380
2280 1380
1792 1381
1892 1480
1842 1480
1892 1580
1842 1580
1842 1542
1793 1542
1793 1580
1742 1580
1742 1492
1692 1492
1692 1442
1730 1442
1780 1442
1780 1481
1831 1442
1730 1392
1692 1392
1642 1442
1642 1392
2180 1230
2180 1280
2230 1280
2330 1280
2330 1380
2280 1342
2143 1337
2143 1381
2130 1442
2080 1380
2080 1431
2080 1342
2031 1330
1492 1281
1592 1331
1592 1392
1542 1392
1542 1342
1492 1392
1492 1342
1442 1342
1442 1292
1592 1430
1492 1430
1442 1430
1492 1480
1392 1480
1392 1442
1531 1480
1692 1530
1642 1530
1642 1492
1592 1530
1592 1492
1592 1580
1592 1630
1631 1630
1631 1580
1692 1581
1742 1630
1692 1630
1831 1630
2042 1680
1992 1680
1992 1642
1942 1642
1893 1642
1893 1680
1842 1680
1742 1680
1842 1731
1942 1730
1893 1730
1893 1781
1991 1743
2031 1743
1942 1787
1942 1842
1942 1892
1892 1992
1892 1942
1892 1842
1842 1842
1842 1792
1842 1942
1842 1892
1842 1992
1792 1992
1792 1942
1792 1892
1792 1792
1742 1892
1742 1942
1692 1942
1692 1892
1592 1892
1592 1842
1681 1842
1592 1792
1542 1792
1542 1742
1581 1742
1542 1692
1680 1692
1680 1730
1642 1730
1680 1780
1642 1780
1730 1730
1730 1831
1781 1730
1542 1542
1492 1692
1492 1642
1442 1742
1442 1692
1493 1792
1493 1880
1530 1880
1530 1930
1492 1930
1442 1930
1492 1980
1492 2030
1492 2081
1530 2030
1530 2081
1580 2030
1580 2080
1680 2080
1680 2130
1643 2130
1643 2181
1631 2030
1631 1980
1631 1930
1542 1831
1742 1980
1692 1980
1742 2030
1692 2030
1792 2031
1842 2031
1892 2042
1891 2092
1792 2092
1742 2137
1742 2092
1742 2180
1692 2180
1781 2180
1842 2192
1692 2242
1630 2292
1592 2342
1592 2242
1631 2242
1592 2142
1530 2292
1481 2280
1480 2237
1480 2193
1530 2193
1530 2231
1530 2142
1430 2192
1430 2142
1481 2142
1392 2142
1342 2192
1342 2142
1292 2142
1243 2142
1243 2181
1292 2181
1292 2292
1292 2242
1192 2242
1192 2192
1192 2281
1230 2292
1130 2342
1181 2342
1130 2292
1030 2293
1080 2293
1080 2243
1131 2243
1080 2180
1130 2180
1130 2143
1181 2143
1080 2142
1281 2080
1230 2030
1281 2030
1230 1993
1380 1993
1380 2030
1343 2030
1343 2081
1430 2030
1430 2080
1392 2080
1431 1993
1380 1942
1342 1942
1342 1892
1431 1892
1292 1892
1292 1842
1380 1842
1431 1842
1380 1792
1431 1792
1342 1792
1292 1742
1192 1742
1192 1693
1280 1693
1280 1643
1330 1643
1330 1680
1330 1731
1380 1680
1380 1731
1380 1642
1431 1642
1380 1592
1430 1592
1430 1543
1480 1543
1480 1581
1342 1592
1192 1780
1231 1780
1242 1842
1243 1892
1243 1930
1193 1930
1193 1981
1292 1942
1131 1930
1080 1892
1130 1892
1130 1843
1180 1843
1180 1881
1080 1842
1080 1792
1042 1792
1042 1842
991 1842
930 1880
930 1931
931 1830
931 1730
931 1680
1043 1730
992 1730
992 1692
992 1780
942 1780
1092 1630
1092 1680
1130 1680
1130 1730
1092 1730
1130 1781
1131 1630
1192 1631
1243 1631
1292 1581
1330 1530
1381 1530
1330 1492
1231 1330
1292 1330
1330 1330
1330 1293
1392 1293
1380 1381
1431 1381
681 1280
731 1230
1342 1192
1331 1230
2342 1042
2592 1442
2542 1642
2530 1442
2430 1442
2481 1442
2430 1392
2530 1392
2530 1242
2430 1292
2480 1292
2480 1331
2430 1242
2481 1242
2430 1192
2481 1192
2392 1192
2392 1292
2392 1242
2342 1242
2380 1437
2380 1481
2380 1342
2230 1242
2281 1242
2230 1192
2180 1192
2131 1180
2243 1130
2192 1130
2330 1130
2330 1180
2292 1180
2331 1080
530 880
580 880
580 930
530 930
2681 780
1591 687
1730 687
1730 730
1692 730
1642 730
1692 780
1642 780
1692 830
1642 830
1692 892
1591 880
1631 880
741 637
792 637
830 637
830 680
830 730
792 730
792 692
741 692
2092 692
2192 730
2143 730
2143 780
2143 830
2092 830
2092 742
2181 830
2181 780
2231 730
2292 742
2230 792
2142 892
2030 930
2030 892
2080 892
2080 931
1992 892
1992 842
1942 842
1931 880
1980 793
2043 793
2030 831
2081 630
1542 587
1630 587
1680 587
1680 630
1591 630
1542 630
380 530
430 530
430 580
480 580
480 680
431 631
380 592
1030 430
1030 530
992 530
1030 580
1130 580
1130 630
980 630
992 592
930 580
942 531
1341 337
1430 337
1430 381
1480 337
1480 430
1443 430
1443 480
1392 480
1392 442
1342 480
1342 442
1292 442
1242 442
1242 392
1341 392
1381 392
1193 392
1142 380
1292 481
1342 530
1292 530
1392 530
1431 530
1530 480
1530 530
1493 530
1493 580
1443 580
1443 630
1392 630
1392 592
1342 630
1342 592
1292 630
1292 592
1242 592
1242 542
1392 680
1342 680
1242 680
1242 642
1242 730
1192 730
1242 780
1192 780
1280 780
1280 830
1242 830
1280 881
1281 730
1342 792
1342 842
1330 892
1180 842
1131 830
1130 780
1130 742
1081 730
1130 680
1092 680
1181 680
1180 630
1180 592
1080 530
1130 530
1181 530
1130 492
1231 492
1130 442
1181 442
1092 442
1080 492
1092 380
1042 380
1242 337
541 242
592 292
592 342
642 531
693 542
693 581
742 580
692 637
692 692
830 780
792 780
881 780
880 680
880 731
892 631
842 842
730 981
730 942
680 942
680 893
730 893
780 893
780 981
830 893
830 931
780 842
730 842
730 792
692 842
692 792
643 792
643 831
642 942
642 892
530 843
581 843
530 730
580 730
580 780
542 780
731 730
580 692
630 692
630 592
580 642
542 642
530 692
430 430
430 480
480 480
480 531
530 430
530 480
530 580
580 580
580 542
581 480
530 380
580 380
580 431
541 342
1992 180
1992 230
1992 280
1942 280
1942 242
1892 242
592 181
492 242
492 342
242 231
342 181
443 180
443 230
392 230
392 192
392 280
342 280
342 242
292 242
292 280
342 330
430 330
430 293
481 293
531 180
2092 292
2092 192
1942 342
1892 442
1892 342
1843 442
1843 480
1792 480
1842 542
1893 642
1893 681
1943 680
1943 731
1980 742
1781 730
1781 687
1730 642
1730 587
1780 587
1780 630
1830 630
1830 730
1881 730
1830 593
1881 593
1780 542
1730 542
1692 542
1692 492
1730 492
1730 393
1780 393
1780 431
1692 442
1642 442
1642 393
1680 393
1680 292
1730 292
1730 330
1780 330
1830 330
1830 381
1780 292
1680 192
1730 192
1730 230
1830 230
1830 281
1692 142
1731 142
1892 281
2030 230
2030 281
2031 180
2042 130
2081 130
1642 142
1642 92
1642 231
1642 481
1630 542
1592 542
1493 687
1493 730
1442 730
1442 692
1392 730
1530 742
1481 792
1493 631
1580 480
1580 392
1531 430
1530 337
1530 381
1580 337
1630 337
1630 292
1580 292
1341 292
1381 292
1341 242
1380 242
1380 193
1430 193
1430 231
1480 193
1480 231
1341 192
1292 292
1593 180
1543 180
1543 280
1442 280
1593 231
Edge
2602
0 1
0 2
2 3
3 4
4 5
4 6
6 7
7 8
8 9
9 10
10 11
9 12
12 13
13 14
14 15
15 16
16 17
17 18
18 19
19 20
20 21
21 22
22 23
23 24
24 25
25 26
26 27
26 28
24 29
29 30
30 31
23 32
32 33
33 34
34 35
33 36
32 37
37 38
38 39
38 40
40 41
41 42
42 43
43 44
44 45
45 46
46 47
45 48
48 49
49 50
50 51
51 52
52 53
53 54
53 55
55 56
55 57
57 58
57 59
59 60
60 61
55 62
62 63
63 64
64 65
65 66
64 67
67 68
68 69
68 70
63 71
71 72
71 73
73 74
73 75
62 76
76 52
50 77
45 78
78 79
78 80
80 81
81 82
82 83
83 84
84 85
85 86
83 87
82 88
88 89
82 90
90 91
91 92
92 93
93 94
93 95
95 96
96 97
97 98
95 99
99 100
100 101
101 102
100 103
103 104
104 105
105 106
105 107
107 108
108 109
109 110
110 111
111 112
111 113
113 114
114 115
115 116
116 117
115 118
115 119
119 120
120 121
121 122
122 123
123 124
124 125
125 126
126 127
127 128
128 129
127 130
127 131
131 132
132 133
132 134
125 135
135 136
136 137
137 138
138 139
139 140
140 141
140 142
142 143
143 144
144 145
145 146
146 147
145 148
144 149
149 150
149 151
138 152
123 153
153 154
154 155
155 156
156 157
157 158
122 159
159 160
159 161
161 162
162 163
162 164
161 165
165 166
166 167
167 168
167 169
166 170
170 171
171 172
172 173
171 174
174 175
175 176
176 177
176 178
170 179
179 165
165 180
180 181
181 182
182 183
183 184
183 185
181 186
186 187
187 188
188 189
180 190
180 191
191 192
161 193
121 194
194 195
195 196
195 197
197 198
198 199
199 200
200 201
201 202
201 203
200 204
198 205
205 206
206 207
207 208
208 209
209 210
210 211
211 212
210 213
206 214
195 215
194 216
194 217
113 218
111 219
109 220
220 221
108 222
107 223
223 224
224 225
225 226
225 227
227 228
228 229
229 230
230 231
231 232
229 233
104 234
234 235
235 236
236 237
237 238
238 239
238 240
240 241
241 242
242 243
242 244
244 245
245 246
246 247
247 248
248 249
247 250
250 251
251 252
252 253
253 254
254 255
255 256
256 257
256 258
258 259
254 260
260 261
261 262
262 263
262 264
264 265
265 266
264 267
264 268
268 269
269 270
270 271
270 272
272 273
272 274
270 275
252 276
252 277
277 278
277 242
241 279
240 280
280 281
281 282
282 283
282 284
284 285
285 286
284 287
287 288
288 289
289 290
290 291
288 292
292 293
293 294
292 295
295 296
296 297
297 298
298 299
299 300
296 301
296 302
302 303
303 304
303 305
305 306
306 307
307 308
308 309
309 310
310 311
311 312
310 313
313 314
313 315
310 316
316 317
316 318
318 319
319 320
320 321
321 322
322 323
323 324
323 325
325 326
326 327
327 328
327 329
329 330
330 331
329 332
327 333
326 334
334 335
334 336
334 337
337 338
338 339
321 340
340 341
341 342
342 343
341 344
344 345
345 346
346 347
347 348
348 349
349 350
349 351
351 352
352 353
353 354
353 355
352 356
356 357
357 358
358 359
359 360
360 361
361 362
362 363
362 364
361 365
361 366
366 367
351 368
368 369
369 370
370 371
371 372
372 373
370 374
374 375
375 376
376 377
377 378
378 379
379 380
380 381
381 382
382 383
380 384
379 385
385 386
386 387
387 388
388 389
387 390
390 391
391 392
391 393
391 394
394 395
395 396
395 397
390 398
386 399
399 400
400 401
400 402
377 403
403 404
404 405
403 406
406 407
407 408
407 409
409 410
410 411
410 412
412 413
413 414
413 415
412 416
416 417
417 418
417 419
419 420
419 421
421 422
421 423
423 424
424 425
425 426
426 427
427 428
428 429
429 430
427 431
431 432
432 433
432 434
434 435
435 436
436 437
437 438
438 439
439 440
439 441
441 442
442 443
443 444
444 445
445 446
444 447
447 448
448 449
449 450
450 451
451 452
452 453
453 454
454 455
455 456
453 457
457 458
452 459
459 460
459 461
461 462
462 463
462 464
464 465
465 466
466 467
467 468
468 469
469 470
470 471
471 472
470 473
470 474
474 475
475 476
476 477
477 478
478 479
479 480
479 481
481 482
481 483
483 484
484 485
485 486
486 487
487 488
488 489
489 490
490 491
491 492
491 493
493 494
488 495
486 496
496 497
497 498
498 499
499 500
500 501
501 502
502 503
503 504
504 505
505 506
506 507
507 508
508 509
508 510
505 511
511 512
511 513
513 514
514 515
515 516
516 517
513 518
518 519
519 520
520 521
521 522
522 523
523 524
524 525
524 526
523 527
522 528
528 529
529 530
530 531
529 532
532 533
532 534
534 535
519 536
536 537
537 538
538 539
539 540
540 541
541 542
542 543
543 544
544 545
544 546
546 547
547 548
548 549
549 550
549 551
551 552
552 553
553 554
554 555
554 556
553 557
552 558
558 559
559 560
560 561
561 562
560 563
563 564
564 565
564 566
566 567
566 568
568 569
564 570
563 571
559 572
546 573
573 574
574 575
575 576
575 577
577 578
577 579
579 580
579 581
581 582
582 583
583 584
583 585
585 586
586 587
585 588
588 589
589 590
590 591
590 592
589 593
589 594
594 595
595 596
595 597
597 598
598 599
599 600
600 601
600 602
599 603
598 604
604 605
605 606
605 607
604 608
608 609
609 610
609 611
611 612
612 613
613 614
614 615
615 616
616 617
617 618
618 619
617 620
614 621
621 622
611 623
608 624
624 625
625 626
625 627
627 628
628 629
629 630
630 631
631 632
630 633
630 634
634 635
597 636
582 637
637 638
638 639
639 640
639 641
641 642
642 643
643 644
643 645
642 646
646 647
647 648
648 649
647 650
650 651
651 652
652 653
652 654
654 655
655 656
656 657
656 658
658 659
658 660
660 661
655 662
662 663
651 664
664 665
650 666
641 667
667 668
667 669
669 670
669 671
579 672
672 673
575 674
574 675
675 676
676 677
676 678
678 679
679 680
680 681
681 682
680 683
683 684
680 685
679 686
686 687
687 688
688 689
688 690
690 691
691 692
692 693
692 694
691 695
695 696
696 697
697 698
698 699
699 700
699 701
699 702
698 703
703 704
697 705
705 706
697 707
696 708
708 709
709 710
710 711
711 712
709 713
713 714
714 715
715 716
716 717
717 718
718 719
719 720
719 721
721 722
722 723
723 724
724 725
716 726
726 727
727 728
728 729
727 730
730 731
731 732
732 733
733 734
734 735
734 736
736 737
737 738
736 739
736 740
740 741
741 742
742 743
743 744
742 745
732 746
746 747
747 748
748 749
747 750
750 751
751 752
752 753
753 754
754 755
755 756
756 757
757 758
758 759
759 760
759 761
761 762
761 763
763 764
764 765
765 766
766 767
767 768
767 769
769 770
766 771
771 772
772 773
772 774
774 775
775 776
776 777
777 778
778 779
779 780
779 781
781 782
782 783
782 784
781 785
785 786
786 787
787 788
788 789
787 790
777 791
791 792
791 793
793 794
794 795
795 796
796 797
797 798
798 799
798 800
800 801
800 802
802 803
803 804
804 805
802 806
806 807
807 808
806 809
809 810
809 811
795 812
812 813
813 814
814 815
815 816
816 817
817 818
815 819
819 820
819 821
821 822
822 823
823 824
823 825
825 826
826 827
827 828
827 829
829 830
830 831
830 832
832 833
832 834
829 835
835 836
835 837
837 838
837 839
827 840
840 841
840 842
842 843
843 844
842 845
845 846
845 847
847 848
847 849
849 850
850 851
851 852
852 853
853 854
854 855
855 856
856 857
857 858
858 859
859 860
860 861
860 862
862 863
863 864
864 865
865 866
866 867
866 868
868 869
869 870
853 871
871 872
872 873
872 874
874 875
875 876
876 877
874 878
878 879
879 880
879 881
881 882
882 883
882 884
884 885
885 886
886 887
887 888
887 889
889 890
889 891
891 892
892 893
893 894
894 895
895 896
896 825
822 897
821 898
819 899
813 900
900 901
901 902
901 903
903 904
903 905
905 906
906 907
906 908
908 909
909 910
910 911
911 912
912 913
913 914
914 915
915 916
916 917
916 918
918 919
919 920
919 921
921 922
922 923
923 924
924 925
923 926
923 927
927 928
927 929
929 930
918 931
931 932
932 933
932 934
916 935
915 936
915 937
937 938
908 776
775 939
774 940
940 941
941 942
941 943
943 944
943 945
774 946
946 947
947 948
948 949
947 950
946 951
951 952
952 953
953 954
954 955
955 956
956 957
957 958
957 959
959 960
960 961
955 962
962 963
963 964
964 965
965 755
754 966
966 967
753 968
968 969
969 970
969 750
746 971
971 972
972 973
973 974
972 975
975 976
975 977
975 978
978 979
979 980
980 981
981 982
982 983
983 984
984 985
983 986
986 987
987 988
988 989
989 990
990 991
990 992
992 993
993 994
994 995
995 996
996 997
997 998
998 999
998 1000
1000 1001
1001 1002
1002 1003
1003 1004
1004 1005
1005 1006
1006 1007
1007 1008
1007 1009
1009 1010
1010 1011
1004 1012
1012 1013
1002 1014
1014 1015
1014 1016
1016 1017
1016 1018
1018 1019
1019 1020
1020 1021
1021 1022
1021 1023
1020 1024
1019 1025
1001 1026
1000 1027
997 1028
1028 1029
1029 1030
1030 1031
1031 1032
1032 1033
1033 1034
1034 1035
1035 1036
1036 1037
1034 1038
1038 1039
1039 1040
1032 1041
1041 1042
1042 1043
1043 1044
1044 1045
1045 1046
1044 1047
1047 1048
1048 1049
1049 1050
1050 1051
1051 1052
1051 1053
1053 1054
1054 1055
1055 1056
1056 1057
1057 1058
1058 1059
1059 1060
1060 1061
1059 1062
1062 1063
1063 1064
1062 1065
1065 1066
1057 1067
1067 1068
1068 1069
1068 1070
1070 1071
1071 1072
1072 1073
1071 1074
1070 1075
1075 1076
1070 1077
1068 1078
1053 1079
1079 1080
1080 1081
1081 1082
1082 1083
1083 1084
1083 1085
1085 1086
1086 1087
1087 1088
1087 1089
1086 1090
1090 1091
1091 1092
1090 1093
1093 1094
1094 1095
1094 1096
1096 1097
1097 1098
1098 1099
1099 1100
1100 1101
1101 1102
1102 1103
1101 1104
1104 1105
1105 1106
1106 1107
1106 1108
1108 1109
1109 1110
1110 1111
1110 1112
1112 1113
1109 1114
1114 1115
1115 1116
1116 1117
1117 1118
1118 1119
1119 1120
1120 1121
1120 1122
1122 1123
1123 1124
1122 1125
1119 1126
1119 1127
1127 1128
1128 1129
1118 1130
1116 1131
1131 1132
1132 1133
1133 1134
1132 1135
1115 1136
1114 1137
1137 1138
1106 1139
1097 1140
1140 1141
1141 1142
1141 1143
1140 1144
1094 1145
1145 1146
1146 1147
1147 1148
1147 1149
1147 1150
1150 1151
1150 1152
1152 1153
1153 1154
1154 1155
1155 1156
1156 1157
1157 1158
1158 1159
1159 1160
1160 1161
1161 1162
1162 1163
1161 1164
1164 1165
1165 1166
1165 1167
1167 1168
1167 1169
1169 1170
1169 1171
1167 1172
1172 1173
1173 1174
1173 1175
1175 1176
1176 1177
1177 1178
1177 1179
1179 1180
1180 1181
1173 1182
1172 1183
1164 1184
1184 1185
1185 1186
1186 1187
1187 1188
1188 1189
1189 1190
1188 1191
1191 1192
1192 1193
1193 1194
1194 1195
1193 1196
1196 1197
1197 1198
1198 1199
1199 1200
1200 1201
1201 1202
1201 1203
1203 1204
1203 1205
1200 1206
1206 1207
1206 1208
1199 1209
1197 1210
1196 1211
1196 1212
1212 1213
1213 1214
1214 1215
1214 1216
1216 1217
1216 1218
1218 1219
1219 1220
1220 1221
1219 441
439 1222
1222 1223
438 1224
1224 1225
1225 1226
1226 1227
1225 1228
437 1229
1229 1230
1230 1231
1231 1232
1230 1233
1229 1234
1234 1235
1235 1236
1236 1237
1237 1238
1238 1239
1239 1240
1238 1241
1237 1242
1242 1243
1243 1244
1244 1245
1245 1246
1246 1247
1247 1248
1248 1249
1248 1250
1248 1251
1251 1252
1252 1253
1253 1254
1254 1255
1255 1256
1256 1257
1257 1258
1258 1259
1259 1260
1256 1261
1261 1262
1255 1263
1263 1264
1255 1265
1265 1266
1266 1267
1267 1268
1266 1269
1269 1270
1269 1271
1271 1272
1272 1273
1272 1274
1253 1275
1252 1276
1276 1277
1276 1278
1278 1279
1278 1280
1280 1281
1281 1282
1282 1283
1283 1284
1284 1247
1244 1285
1285 1286
1286 1287
1286 1288
1244 1289
1289 1290
1290 1291
1237 1292
1292 1293
1293 1294
1292 1295
1236 1296
1296 1297
1297 1298
1297 1299
1299 1300
1300 1301
1301 1302
1300 1303
1303 1304
1304 1305
1305 1306
1305 1307
1307 1308
1307 1309
1309 1310
1310 1311
1311 1312
1312 1313
1313 1314
1314 1315
1315 1316
1316 1317
1317 1318
1318 1319
1318 1320
1320 1321
1321 1322
1321 1323
1323 1324
1324 1325
1325 1326
1326 1327
1327 1328
1326 1329
1325 1330
1330 1331
1323 1332
1332 1333
1333 1334
1334 1335
1333 1336
1332 1337
1320 1338
1338 1339
1317 1340
1316 1341
1341 1342
1342 1343
1342 1344
1344 1345
1341 1346
1315 1347
1311 1348
1305 1349
1304 1350
1350 1351
1351 1352
1351 1353
1353 1354
1354 1355
1355 1356
1355 1357
1357 1358
1358 1359
1358 1360
1360 1361
1357 1362
1362 1363
1363 1364
1364 1365
1354 1366
1303 1367
1367 1368
1296 1369
1369 1370
1370 1371
1371 1372
1370 1373
1373 1374
1374 1375
1236 1376
1234 1377
1377 1378
1377 1379
436 1380
1380 1381
1381 1382
1382 1383
1381 1384
1384 1385
1385 1386
1386 1387
1387 1388
1388 1389
1389 1390
1389 1391
1387 1392
1384 1393
1393 1394
1394 1395
1395 1396
1395 1397
1397 1398
1398 1399
1399 1400
1400 1401
1401 1402
1402 1403
1403 1404
1404 1405
1405 1406
1406 1407
1407 1408
1408 1409
1409 1410
1410 1411
1411 1412
1412 1413
1413 1414
1414 1415
1415 1416
1416 1417
1415 1418
1418 1419
1418 1420
1420 1421
1414 1422
1422 1423
1423 1424
1424 1425
1425 1426
1426 1427
1427 1428
1428 1429
1429 1430
1430 1431
1431 1432
1427 1433
1424 1434
1434 1435
1435 1436
1435 1437
1437 1438
1438 1439
1439 1440
1440 1441
1441 1442
1442 1443
1441 1444
1444 1445
1445 1446
1446 1447
1446 1448
1448 1449
1441 1450
1450 1451
1451 1452
1451 1453
1453 1454
1454 1455
1455 1456
1455 1457
1457 1458
1458 1459
1459 1460
1460 1461
1460 1462
1462 1463
1463 1464
1464 1465
1465 1466
1466 1467
1466 1468
1464 1469
1469 1470
1470 1471
1470 1472
1472 1473
1473 1474
1473 1475
1475 1476
1476 1477
1477 1478
1478 1479
1479 1480
1480 1481
1481 1482
1482 1483
1483 1484
1483 1485
1485 1486
1485 1487
1487 1488
1488 1489
1489 1490
1490 1491
1490 1492
1492 1493
1492 1494
1494 1495
1494 1496
1496 1497
1496 1498
1498 1499
1489 1500
1488 1501
1501 1502
1487 1503
1503 1504
1504 1505
1505 1506
1506 1507
1503 1508
1487 1509
1509 1510
1480 1511
1511 1512
1512 1513
1513 1514
1511 1515
1515 1516
1516 1517
1517 1518
1518 1519
1518 1520
1520 1521
1516 1522
1522 1523
1522 1524
1524 1525
1525 1526
1526 1527
1526 1528
1528 1529
1529 1530
1529 1531
1531 1532
1532 1533
1532 1534
1534 1535
1535 1536
1536 1537
1537 1538
1538 1539
1539 1540
1540 1541
1541 1542
1542 1543
1540 1544
1544 1545
1545 1546
1544 1547
1547 1548
1544 1549
1537 1550
1550 1551
1551 1552
1552 1553
1553 1554
1553 1555
1555 1556
1555 1557
1557 1558
1558 1559
1557 1560
1560 1561
1561 1562
1561 1563
1563 1564
1563 1565
1561 1566
1560 1567
1552 1568
1568 1569
1569 1570
1569 1571
1571 1572
1571 1573
1573 1574
1568 1575
1575 1576
1576 1577
1577 1578
1578 1579
1579 1580
1578 1581
1581 1582
1577 1583
1583 1584
1584 17
16 1585
7 1586
771 1587
765 1588
765 1589
1589 1590
1589 1591
1591 1592
758 1593
756 1594
1594 1595
962 1596
962 1597
1597 1598
952 1599
1600 1601
1601 1602
1602 1603
1603 1604
1604 1605
1605 1606
1605 1607
1607 1608
1608 1609
1607 1610
1610 1611
1611 1031
993 1612
1612 1613
992 1614
989 1615
987 1616
1616 1617
1616 1618
1618 1619
1619 1620
983 1621
982 1622
981 1623
1623 1624
1623 1625
979 1626
1626 1627
1627 1628
1628 1629
1629 1630
1629 1631
1631 1632
1632 1633
1632 1634
1634 1635
1635 1636
1636 1637
1635 1638
1634 1639
1639 1640
1640 1641
1641 1642
1642 1643
1643 1644
1631 1645
1645 1646
1646 1647
1645 1648
1627 1649
1649 1650
1650 1600
1651 1652
1652 1041
1611 1653
1653 1654
1654 1655
1653 1651
1656 1651
1604 1657
1657 1658
1658 1656
1659 1660
1660 1661
1661 1601
1649 1662
731 1663
730 1664
1664 1665
1665 1666
1666 1667
1667 1668
1667 1669
1669 1670
1669 1671
1666 1672
1672 1673
1673 1674
1673 1675
1675 1676
1676 1677
1676 1678
1678 1679
1678 1680
1680 1681
1680 1659
852 885
884 1682
1683 1684
1684 1685
1685 1686
1686 1687
1687 1688
1688 1689
1688 1690
1690 1691
1690 1692
1692 1693
1692 1044
1043 1694
1042 1695
1695 1696
1696 1697
1697 1698
1698 1699
1698 1683
1700 1701
1701 1702
1702 1683
1697 1703
1651 1704
1704 1705
1705 1706
1706 1700
690 1707
1707 1708
1708 1709
1708 1710
1710 1711
1711 1712
1712 726
793 1713
1713 1714
905 1715
896 1716
893 1717
891 1718
1718 1719
886 1720
852 1721
847 1722
1722 1723
1724 1725
1725 1726
1726 1727
1727 1728
1728 1729
1728 1730
1728 1731
1731 1732
1732 1733
1733 1734
1734 1735
1735 1736
1736 1737
1737 1738
1738 1724
1739 1740
1740 1741
1741 1742
1742 1743
1743 1744
1743 1745
1745 1746
1746 1747
1747 1748
1748 1749
1749 1750
1750 1751
1751 1752
1751 1753
1753 1685
1684 1754
1754 1755
1754 1756
1701 1757
1757 1758
1758 1759
1758 1760
1760 1761
1757 1762
1762 1763
1763 1764
1764 1765
1765 1766
1766 1767
1767 1768
1768 1769
1767 1770
1770 1771
1771 1772
1772 1773
1772 1774
1770 1775
1766 1776
1776 1777
1777 1778
1778 1739
1779 1184
1160 1780
1780 1781
1781 1782
1780 1779
1783 1784
1784 1785
1784 1786
1786 1787
1787 1788
1788 1789
1789 1790
1790 1791
1791 1792
1791 1793
1793 1794
1794 1795
1795 1796
1796 1783
1797 1798
1798 1799
1798 1800
1800 1801
1801 1794
1794 1802
1802 1803
1802 1804
1804 1805
1805 1806
1805 1807
1789 1808
1808 1809
1808 1185
1159 1810
1810 1811
1152 1812
1146 1813
1813 1814
1085 1815
1815 1816
1815 1817
1082 1818
1053 1819
1819 1820
1820 1821
1819 1822
1822 1823
1822 1824
1824 1825
1819 1826
1051 1827
1049 1828
1686 1829
1829 1830
1751 1831
1750 1832
1832 1833
1833 1834
1741 1835
1835 1836
1836 1837
1837 1838
1837 1839
1839 1840
1839 1841
1841 1842
1842 1843
1843 1844
1844 1845
1845 1846
1846 1847
1847 1848
1848 1849
1848 1850
1850 1851
1850 1852
1852 1853
1853 1854
1852 1855
1852 1856
1847 1857
1846 1858
1844 1859
1842 1860
1860 1861
1861 1862
1861 1863
1863 1864
1864 1865
1863 1866
1866 1867
1867 1868
1868 1869
1860 1870
1870 1871
1871 1872
1871 1873
1839 1874
1874 1875
1875 1876
1875 1877
1877 1878
1874 1879
1835 1880
1880 1881
1881 1882
1880 1883
1883 1884
1741 1885
1740 1886
1886 1887
1886 475
474 1888
1888 1889
1889 1890
1889 1891
1891 1892
1891 1797
537 1893
1893 1894
1894 1895
1895 1896
1895 1897
1897 1898
1898 1899
1899 1900
1900 1901
1900 1902
1902 540
538 1903
1904 1905
1905 1906
1906 1907
1907 1800
1797 1904
486 1908
483 1909
1909 1910
1909 1911
1911 1912
1912 1913
1913 1914
1914 1915
1915 1916
1916 1917
1917 1918
1918 1919
1919 1920
1920 1921
1921 1922
1921 1923
1920 1924
1924 1925
1925 496
1919 1926
1926 1927
1927 497
464 1928
1928 1929
1929 1930
1930 1931
1931 1932
1932 1907
1907 1933
1904 1934
1934 1935
1888 1936
469 1937
1937 1938
1937 1939
467 1940
502 1941
499 1942
1927 1943
1943 1944
1944 1945
1944 1946
1946 1947
1947 1948
1948 1949
1943 1950
1950 1951
1951 1952
1951 1953
1953 1954
1954 1955
1953 1956
1918 1957
1957 1958
1958 1959
1958 1960
1960 1961
1960 1962
1962 1963
1963 1964
1962 1965
1957 1966
1916 1967
1967 1968
1967 1969
476 1970
1970 1971
1971 1972
1972 1973
1973 1974
1974 1975
1975 1976
1976 1977
1976 1978
1973 1979
1979 1980
1980 1981
1739 1982
1982 1983
1739 1984
1778 1985
1765 1986
1762 1987
1987 1988
1988 1989
1989 1990
1990 1991
1988 1992
1992 1993
1987 1994
1994 1995
1995 1996
1996 1997
1997 1998
1997 1999
1996 2000
2000 2001
2001 2002
2002 2003
2003 2004
2004 2005
2004 2006
2006 2007
2007 2008
2008 2009
2008 2010
2010 2011
2011 2012
2012 2013
2012 2014
2014 2015
2012 2016
2016 2017
2016 2018
2010 2019
2010 2020
2020 2021
2008 2022
2022 2023
2007 2024
2024 2025
2025 2026
2026 2027
2027 2028
2028 2029
2028 2030
2030 2031
2031 2032
2031 2033
2033 2034
2033 2035
2035 2036
2036 2037
2037 2038
2038 2039
2039 2040
2035 2041
2030 2042
2027 2043
2007 2044
2000 2045
2045 2046
2045 2047
2047 2048
1995 2049
1994 2050
1757 2051
1700 2052
2052 2053
1700 2054
2054 2055
2054 2056
2056 2057
2056 2058
1706 2059
1704 2060
1657 2061
1657 2062
2062 2063
2063 2064
2063 2065
1602 2066
1661 2067
1660 2068
2068 2069
2069 2070
2070 2071
2070 2072
1660 2073
2073 2074
2074 2075
2074 2076
2073 2077
2077 2078
2078 2079
2079 2080
2080 2081
2079 2082
1680 2083
2083 2084
2084 2085
2085 2086
2085 2087
1675 2088
1672 2089
2089 2090
2089 2091
1664 2092
2092 2093
2093 2094
2094 2095
1711 2096
2096 2097
2097 2098
2098 2099
2096 2100
687 1738
1734 2101
1733 2102
2102 2103
2102 2104
2104 2105
2105 2106
2106 2107
2107 2108
2106 2109
2109 2110
2110 2111
2105 2112
2105 2113
2113 2114
2114 2115
2115 2116
2115 2117
2117 2118
2118 2119
2119 2120
2119 2121
2121 2122
2121 2123
2118 2124
2124 2125
2125 2126
2126 2127
2127 2128
2128 2129
2129 2130
2130 2131
2130 2132
2132 2133
2132 2134
2134 2135
2134 2136
2136 2137
2137 2138
2138 2139
2139 2140
2136 2141
2125 2142
2142 2143
2118 2144
2117 2145
2145 2146
2146 2147
2147 2148
2114 2149
1727 2150
1727 2151
2151 2152
2152 2153
2153 2154
2154 2155
2151 2156
2156 2157
2157 2158
2156 2159
1724 2160
679 2161
2161 2162
678 2163
675 2164
574 2165
543 2166
2166 2167
2167 2168
2167 2169
2169 2170
541 2171
2171 2172
2172 2173
2173 2174
2174 2175
2174 2176
2171 2177
1900 2178
1899 2179
1897 2180
1897 2181
2181 2182
2181 2183
536 2184
518 2185
2185 2186
2186 2187
2187 2188
2188 2189
2189 2190
2188 503
246 2191
244 2192
504 2193
513 2194
1219 2195
1188 2196
1186 2197
1784 2198
1795 2199
2199 2200
2199 2201
2201 2202
2202 2203
2201 2204
2204 2205
2205 2206
2204 2207
2207 2208
2207 2209
2209 2210
2209 2211
2204 2212
2212 2213
2213 2214
1801 2215
2215 2216
2215 2217
1930 2218
2218 2219
2218 2220
1928 2221
461 2222
449 2223
2223 2224
2223 2225
2225 2226
2226 2227
449 2228
99 2229
2229 2230
2230 2231
2231 2232
2232 104
1251 2233
2234 2235
2235 2236
2236 2237
2237 2238
2237 2239
2239 2240
2239 2241
2241 2242
2241 2243
2243 403
349 2244
2244 2245
2244 2234
2246 2247
2247 2248
2248 2249
2249 2250
2250 2251
2251 2252
2252 2253
2253 2246
1394 2254
1393 2255
2255 2256
2256 2257
2257 2258
2258 2259
2259 2260
2258 2261
2257 2262
2255 2263
436 2264
431 2265
426 2266
416 2267
2267 2268
2268 2269
2269 2270
2268 2271
2271 2272
2272 2273
410 2274
409 2275
2275 2276
2276 2277
2276 1399
1398 2278
2279 2280
2280 2281
2281 2282
2282 2283
2283 2284
2284 2279
44 2285
2285 2286
2286 2287
2287 2288
2288 2289
2289 90
81 2290
81 2291
1522 2292
2292 2293
2293 2294
2293 2295
2295 2296
2296 2297
2297 2298
2298 2299
2298 303
302 2300
2300 1528
1525 2301
2302 2303
2303 2304
2303 2305
2305 2306
2306 2307
2307 2308
2308 2309
2309 2310
2309 2311
2311 2312
2312 2313
2313 2314
2314 2315
2315 2316
2316 2317
2316 2302
1478 2318
2318 2319
2318 2315
2313 2320
2311 2321
2321 2322
2309 2323
2323 2324
2308 2325
2325 2326
2326 2327
2327 2328
2328 2329
2329 2330
2330 2331
2331 2332
2331 2333
2333 2334
2333 2335
2335 2336
2336 2337
2337 2338
2331 2339
2339 2340
2340 2341
2341 2342
2341 2343
2343 2344
2343 2345
2345 2346
2345 2347
2347 2348
2348 2349
2348 2350
2343 2351
2340 2352
2352 345
344 2353
340 2354
318 2355
309 2356
308 2357
2357 2358
306 2359
2297 2360
2360 2361
2360 2362
2297 2363
2363 2364
2293 2365
2365 2366
2366 2367
2366 2368
2368 2369
2368 2370
2370 2371
2370 2372
2365 2373
1515 2374
2374 2375
1476 2376
2376 2302
2377 1552
1551 2378
1550 2379
1536 2380
1534 2381
2381 2382
1531 2383
1531 2247
2246 2384
2253 2385
2250 2386
2386 2387
2386 2388
2249 2389
2389 2390
1528 2391
295 2392
234 2393
2393 2394
234 2395
2395 2396
2396 2397
2397 2398
2398 2399
2398 2400
2400 2401
2398 2402
2397 2403
2403 2404
2403 2405
2405 2406
2406 2407
2407 2408
2395 2409
2409 2410
2229 2411
2411 2412
92 2413
2413 2414
2414 2415
2415 2416
2414 2417
2414 2418
2418 2419
2419 2420
2418 2421
2421 2422
2413 2423
43 2424
2424 2425
2425 2426
2426 2427
2424 2428
2428 2429
2429 2430
2430 2431
2431 2432
2429 2433
42 2434
2434 2435
2435 2436
2434 2437
2437 2377
1450 2438
2438 2439
2439 2440
2440 2441
2441 2442
2442 2443
2443 1454
1575 2444
2377 2445
2437 2446
21 2447
18 2448
1584 2449
2449 2450
2450 2451
2451 2452
2451 2453
2453 2454
2454 2455
2455 2456
2454 2457
2454 2458
2458 2459
2459 2460
2460 2461
2449 2462
1423 2463
2463 2464
1411 2465
1410 2466
2466 2467
2466 2468
2468 2469
2469 2470
1406 2471
1402 2472
2472 2473
1400 2474
2474 2475
2275 2476
2236 2477
2235 2478
2235 2479
2234 2283
2281 2480
2480 2481
2481 2482
2482 2483
2483 2484
2484 2485
2483 2486
2486 2487
2481 2488
2480 2489
2489 2490
2490 2491
2491 2492
2492 2493
2493 2494
2494 2495
2491 2496
2496 2497
2497 2498
2498 2499
2499 2500
2500 2501
2501 2502
2502 2503
2503 2504
2504 2505
2503 2506
2500 2507
2507 2508
2508 2509
2509 2510
2510 2511
2507 2512
2512 2513
2512 1459
2443 2514
2439 2515
2515 2516
2438 2517
1440 2518
2518 2519
2512 2520
2520 2521
2520 2522
2497 2523
2280 2524
2524 2525
2234 2526
2526 2527
2527 2528
2528 2529
2528 2530
348 2531
346 2532
2328 2533
2325 2534
2534 2535
2306 2536
2305 2537
2537 2538
2537 2539
2539 2540
2540 2541
2539 2542
2302 2543
2543 2544
2543 2545
2545 2546
2546 2547
2547 2548
2548 2549
2548 2550
2550 2551
2545 2552
2543 2553
1463 2554
2554 2555
2555 2556
2556 2557
2554 2558
