Vertice
752
41 36
94 36
94 94
47 94
47 154
94 154
94 212
46 212
153 212
153 271
47 271
47 330
47 448
47 507
94 448
94 565
47 565
47 625
47 684
94 625
94 684
153 684
153 625
212 625
212 743
47 743
47 802
212 802
164 802
212 860
165 860
165 920
106 920
106 873
106 813
47 873
47 920
106 978
46 978
271 920
271 978
224 978
164 978
224 1038
165 1038
105 1038
165 1096
47 1096
47 1049
271 1038
271 802
271 861
330 802
389 802
389 861
341 861
389 919
341 919
448 861
448 1097
401 1097
401 991
341 991
342 1097
342 1049
448 1156
401 1156
283 1156
283 1108
401 1215
448 1274
401 1274
283 1274
283 1333
224 1333
224 1286
165 1286
106 1286
106 1168
153 1168
153 1215
212 1215
330 1215
212 1108
47 1168
47 1215
46 1286
106 1332
47 1332
47 1392
165 1391
106 1391
106 1451
47 1451
47 1511
47 1569
94 1511
94 1628
47 1628
47 1746
94 1746
212 1628
212 1687
164 1687
212 1745
164 1745
271 1687
271 1746
330 1746
329 1687
329 1640
389 1640
389 1687
448 1687
448 1745
400 1745
507 1687
507 1746
448 1640
507 1640
625 1640
625 1687
577 1687
625 1746
577 1746
683 1746
683 1640
743 1640
743 1687
683 1581
743 1581
507 1581
566 1581
507 1522
566 1522
625 1522
625 1569
566 1463
684 1463
684 1510
743 1463
743 1510
802 1510
802 1569
861 1510
861 1569
920 1510
920 1569
920 1628
920 1687
873 1687
873 1640
813 1640
814 1687
814 1746
754 1746
861 1746
920 1746
979 1746
979 1687
979 1628
1038 1569
1038 1628
1097 1569
1097 1628
1156 1628
1156 1687
1156 1746
1109 1746
1109 1698
1050 1746
1050 1698
1215 1746
1274 1687
1274 1746
1333 1746
1392 1687
1392 1746
1451 1746
1451 1687
1274 1640
1274 1581
1333 1581
1333 1628
1333 1463
1392 1463
1392 1510
1451 1510
1451 1569
1404 1569
1404 1628
1451 1628
1510 1569
1510 1628
1510 1522
1569 1522
1628 1522
1628 1569
1581 1569
1581 1686
1522 1686
1522 1746
1627 1746
1628 1699
1687 1699
1687 1746
1746 1699
1746 1746
1746 1580
1687 1522
1745 1522
1745 1462
1569 1463
1628 1463
1687 1463
1628 1404
1687 1404
1628 1345
1687 1345
1746 1345
1746 1392
1746 1226
1687 1226
1628 1285
1451 1463
1333 1404
1286 1404
1286 1345
1333 1345
1227 1345
1227 1286
1332 1286
1332 1227
1510 1227
1510 1274
1404 1274
1404 1393
1450 1393
1450 1345
1510 1345
1510 1392
1510 1451
1569 1392
1569 1345
1569 1274
1510 1168
1510 1109
1510 1050
1569 1050
1569 1156
1628 1050
1628 1214
1580 1214
1463 1050
1463 990
1462 1109
1462 1168
1332 1168
1391 1168
1391 1049
1332 1109
1332 1049
1285 1109
1227 1168
1227 1109
1168 1109
1168 991
1215 991
1215 1038
1274 991
1274 1038
1391 991
1391 932
1391 873
1451 873
1451 920
1510 920
1510 979
1569 920
1569 979
1628 979
1687 979
1687 1156
1745 1156
1745 1049
1628 932
1687 932
1746 932
1746 979
1746 814
1746 754
1699 814
1699 755
1699 695
1640 755
1580 755
1640 801
1580 801
1687 861
1639 861
1569 872
1509 873
1509 813
1451 814
1451 755
1510 755
1404 755
1404 636
1345 755
1345 637
1345 578
1451 578
1451 625
1451 684
1568 684
1568 637
1628 637
1628 684
1628 518
1510 625
1451 519
1510 519
1510 566
1568 566
1568 459
1510 459
1451 460
1451 401
1510 401
1404 460
1404 401
1404 342
1569 342
1628 342
1628 389
1580 389
1628 448
1687 448
1687 566
1687 625
1746 566
1746 684
1746 518
1746 448
1687 389
1687 342
1569 224
1628 224
1628 271
1687 271
1746 224
1746 389
1569 165
1628 165
1687 165
1628 105
1569 106
1569 47
1687 47
1687 94
1746 47
1746 153
1522 106
1522 46
1463 165
1404 165
1404 106
1450 106
1450 47
1286 47
1286 94
1344 106
1463 212
1345 212
1345 164
1345 270
1286 270
1286 224
1286 164
1109 224
1109 106
1156 106
1156 153
1215 106
1215 153
1156 47
1215 47
1109 47
1049 47
1050 106
991 106
991 153
1050 153
1286 330
1226 330
1333 330
1510 224
1510 270
1462 270
1404 282
1344 401
1227 460
1227 401
1274 401
1168 401
1168 341
1109 401
1109 283
1215 283
1049 283
991 401
991 342
1038 342
991 283
991 224
1038 224
873 283
873 224
919 224
919 164
873 165
873 106
919 106
919 47
979 47
814 106
814 47
861 47
755 165
755 106
755 46
696 106
696 46
637 106
637 46
578 106
578 47
519 47
519 94
578 152
519 152
401 152
401 47
448 47
448 94
342 152
342 106
342 46
283 106
283 47
164 47
224 106
165 94
153 1451
153 1510
283 1451
271 1569
224 1569
224 1521
164 1569
271 1628
990 1340
1038 1340
1097 1340
1097 1451
1097 1510
1049 1510
1156 1510
1156 1451
1227 1451
1286 1463
1286 1510
1226 1640
1214 1569
1214 1521
978 1510
990 1463
1037 1463
1037 1403
401 1332
342 1333
224 1392
1108 1109
1108 1286
1167 1345
1156 1403
1038 1227
1156 1227
1274 1227
1156 1168
1108 1168
872 1104
920 1104
979 1104
979 1157
979 1215
1037 1157
1037 1109
990 1285
931 1463
861 1462
802 1463
743 1404
802 1404
861 1404
919 1404
919 1344
861 1286
919 1286
919 1168
872 1168
566 1097
566 1156
518 1156
625 1156
625 1215
518 1215
684 1215
684 1274
636 1274
684 1333
743 1274
684 1403
566 1404
625 1404
519 1463
519 1404
519 1344
460 1404
460 1344
460 1451
400 1522
459 1581
329 1581
389 1581
330 1451
330 1510
389 1451
342 1392
389 1392
566 1274
566 1333
625 1333
979 1045
1037 1045
577 927
684 927
684 979
802 979
802 1038
872 979
802 1285
743 1215
802 1215
861 1215
802 1167
743 1168
743 1109
802 1109
743 1049
696 1168
696 1109
696 1050
637 1050
637 990
577 1050
695 632
802 632
802 743
755 743
755 696
695 696
1227 519
1286 637
1227 637
1226 578
1274 578
872 401
1109 506
1050 506
991 506
991 460
1038 460
932 506
932 460
872 460
400 396
507 396
566 396
566 448
566 506
519 506
519 459
519 565
401 565
401 519
448 519
400 460
448 460
872 342
920 342
814 342
814 389
754 460
872 566
920 566
1050 566
990 566
1050 683
991 683
991 636
932 683
932 636
932 743
932 802
979 743
1097 566
1097 625
1167 460
1167 519
1167 578
1168 637
1168 683
1109 683
1109 861
1156 861
1156 919
991 919
991 873
991 814
1038 814
1038 861
1038 754
873 873
873 743
861 632
861 684
695 743
1286 801
1227 801
1227 755
1227 695
1167 755
1167 801
1227 861
1274 861
1345 802
1403 814
1344 873
1344 932
1274 932
1226 932
1097 1045
979 991
1097 991
931 991
920 1049
872 932
920 932
813 932
684 873
684 814
802 814
802 860
755 860
755 920
636 873
577 872
518 927
519 1050
519 990
636 1109
507 861
448 814
506 814
506 755
566 755
625 755
625 801
577 801
566 696
625 696
566 637
625 637
566 578
684 578
743 578
684 519
802 519
802 566
448 637
507 637
507 684
330 696
389 696
389 743
330 637
283 637
283 578
224 578
224 460
271 460
271 507
329 507
329 459
271 396
341 565
401 625
625 448
625 507
683 448
683 401
743 401
683 342
742 342
755 283
801 283
801 223
696 153
683 282
636 401
566 341
507 341
400 283
448 283
448 330
507 283
401 224
448 224
519 212
566 212
566 271
637 212
625 330
684 212
165 153
224 153
283 153
224 400
283 743
153 459
94 330
94 389
152 389
152 341
212 271
212 330
329 330
329 223
270 271
270 223
212 212
Edge
775
0 1
1 2
2 3
3 4
4 5
5 6
6 7
6 8
8 9
9 10
10 11
11 12
12 13
12 14
14 15
15 16
16 17
17 18
17 19
19 20
20 21
19 22
22 23
23 24
24 25
25 26
24 27
27 28
27 29
29 30
30 31
31 32
32 33
33 34
33 35
35 36
32 37
37 38
31 39
39 40
40 41
41 42
41 43
43 44
44 45
44 46
46 47
47 48
43 49
27 50
50 51
50 52
52 53
53 54
54 55
54 56
56 57
54 58
58 59
59 60
60 61
61 62
60 63
63 64
59 65
65 66
66 67
67 68
66 69
65 70
70 71
71 72
72 73
73 74
74 75
75 76
76 77
77 78
78 79
79 80
80 81
81 82
81 83
78 84
84 85
77 86
77 87
87 88
88 89
76 90
90 91
91 92
92 93
93 94
94 95
94 96
96 97
97 98
98 99
97 100
97 101
101 102
102 103
102 104
104 105
102 106
106 107
107 108
106 109
109 110
110 111
111 112
112 113
113 114
114 115
113 116
116 117
113 118
118 119
119 120
120 121
121 122
121 123
123 124
123 125
125 126
126 127
127 128
126 129
129 130
126 120
119 131
131 132
131 133
133 134
134 135
135 136
134 137
137 138
138 139
138 140
140 141
141 142
142 143
142 144
144 145
144 146
146 147
147 148
148 149
149 150
150 151
151 152
150 153
153 154
154 155
154 156
149 157
157 158
149 159
148 160
147 161
161 162
161 163
163 164
164 165
165 166
166 167
167 168
168 169
168 170
170 171
167 172
166 173
173 174
174 175
173 176
176 177
177 178
176 179
173 180
180 181
181 182
182 183
182 184
184 185
185 186
186 187
187 188
188 189
189 190
188 191
188 192
192 193
192 194
194 195
195 196
196 197
197 198
198 199
199 200
200 201
201 202
202 203
203 204
204 205
204 206
206 207
206 208
204 209
209 210
210 211
209 196
195 212
212 213
213 214
213 215
215 216
215 217
217 218
218 219
219 220
219 221
218 222
217 223
185 224
184 225
225 226
226 227
227 228
227 229
229 230
230 231
231 232
232 233
233 234
234 235
235 236
236 237
237 238
238 239
239 240
240 241
240 242
239 243
239 234
234 244
233 245
245 246
246 247
247 248
248 249
248 250
250 251
251 252
247 253
253 254
246 255
245 256
232 257
257 258
258 259
257 260
260 261
260 262
257 263
263 264
264 265
265 266
266 267
267 268
267 269
269 270
269 271
271 272
272 273
273 274
274 275
275 276
276 277
276 278
278 279
279 280
280 281
281 282
282 283
283 284
280 285
285 286
286 287
287 288
287 289
289 290
289 291
291 292
292 293
292 294
294 295
294 296
296 297
291 298
298 299
298 286
278 300
274 301
301 302
274 303
303 304
304 305
304 306
306 307
306 308
308 309
309 310
310 311
311 312
312 313
313 314
314 315
315 316
316 317
316 318
312 319
311 320
320 321
321 322
322 323
323 324
321 325
320 326
326 327
327 328
326 329
329 330
330 331
331 332
332 333
333 334
334 335
334 336
336 337
337 338
338 339
338 340
340 341
340 342
337 343
334 344
333 345
332 346
346 347
347 348
348 349
347 350
350 351
346 352
352 353
353 354
353 355
352 356
356 357
357 358
358 359
358 360
360 361
356 362
362 363
352 364
364 365
365 366
366 367
367 368
368 369
369 370
366 371
364 372
372 373
373 374
373 375
375 376
376 377
377 378
377 379
379 380
380 381
381 382
381 383
383 384
381 385
385 386
380 387
387 388
380 389
389 390
390 391
389 392
376 393
393 394
393 395
372 396
396 397
397 398
396 346
331 399
330 400
329 401
401 402
402 403
402 404
404 405
404 406
406 407
407 408
407 409
406 410
410 411
411 412
411 413
413 414
414 415
413 416
416 417
417 418
418 419
417 420
420 421
421 422
422 423
423 424
421 425
425 426
426 427
420 428
428 429
429 430
429 431
431 432
431 433
433 434
433 435
435 436
436 437
437 438
435 439
439 440
440 441
441 442
442 443
443 444
441 445
445 446
446 447
446 448
448 449
449 450
448 451
451 452
452 2
197 203
92 453
453 454
453 455
455 456
456 457
457 458
457 459
456 460
460 101
461 462
462 463
463 464
464 465
465 466
465 467
464 468
468 469
469 229
184 470
470 471
180 472
163 473
473 474
146 475
475 476
476 477
477 478
476 461
71 479
479 480
480 73
74 481
73 455
482 265
230 483
229 484
468 485
462 486
486 487
487 488
487 489
489 490
490 482
491 492
492 493
493 494
494 495
494 496
496 497
497 482
461 498
476 499
144 500
140 501
140 502
502 503
503 504
504 505
505 506
504 507
507 508
508 509
509 510
510 491
59 511
511 512
512 513
512 514
514 515
515 516
515 517
517 518
518 519
518 520
518 521
521 502
138 522
137 523
523 524
137 525
525 526
526 527
526 528
528 529
528 530
133 531
131 532
110 533
533 534
455 535
535 536
535 537
480 538
538 539
70 540
540 541
541 542
543 544
544 497
493 543
545 546
546 547
547 548
548 549
548 550
550 491
503 551
517 552
552 553
553 554
553 555
552 556
556 557
557 558
557 559
556 560
560 561
561 562
562 563
563 564
563 565
565 545
566 567
567 568
568 569
569 570
570 571
571 566
572 320
309 573
573 574
574 575
575 576
575 572
572 401
577 410
406 578
578 579
579 580
580 581
581 582
580 583
583 584
584 585
585 577
586 587
587 588
588 589
589 590
590 591
591 592
591 593
593 594
594 595
595 596
595 597
597 598
597 586
577 599
599 600
599 601
601 602
585 603
585 604
604 605
579 606
606 607
606 608
608 609
609 610
609 611
611 612
611 613
613 614
613 615
606 616
616 617
401 618
572 619
575 620
574 621
621 622
622 623
623 624
624 625
625 626
626 627
627 628
628 629
629 630
630 631
630 632
628 633
633 634
634 568
567 635
635 636
571 637
573 638
638 639
639 640
640 641
640 642
639 643
639 644
644 645
308 646
303 647
273 648
272 649
269 650
650 651
544 652
543 653
653 654
653 655
492 656
550 657
657 658
657 659
546 660
660 661
661 662
662 663
663 664
664 665
660 666
545 667
545 668
565 669
669 670
561 671
58 672
58 673
673 674
674 675
675 676
676 677
677 678
678 679
676 680
680 681
680 682
682 683
682 684
684 685
685 686
685 687
687 688
688 689
673 690
690 691
691 692
52 693
693 694
694 695
693 696
696 697
697 698
698 699
699 700
700 701
701 702
702 703
703 704
701 705
705 586
594 706
594 707
589 708
708 709
708 710
710 711
711 712
711 713
713 714
714 715
715 716
716 717
715 428
431 718
713 719
711 720
588 721
587 722
586 723
723 724
724 725
724 726
723 727
727 728
727 441
440 729
729 730
730 731
730 732
732 733
732 734
732 433
452 735
451 736
448 737
700 738
697 739
22 740
11 741
741 742
742 743
743 744
9 745
745 746
746 747
747 748
745 749
749 750
8 751
