Vertice
2080
37 32
37 185
82 185
82 235
82 336
43 336
43 246
43 388
133 235
82 145
133 145
133 184
82 43
184 43
184 82
144 82
184 133
235 43
235 82
235 133
286 82
286 183
247 183
195 183
247 235
195 235
247 286
145 286
145 337
184 337
184 388
94 388
94 439
133 439
184 439
184 490
235 439
235 490
235 541
195 541
235 592
196 592
145 592
145 553
145 502
93 502
43 553
43 450
43 592
43 643
82 592
82 643
145 694
184 694
184 796
145 796
145 756
94 796
94 756
184 846
94 846
43 846
43 706
82 706
43 898
94 898
94 948
43 948
43 1000
43 1051
82 1051
133 1000
133 898
133 949
184 949
184 1000
235 796
235 847
286 847
286 898
247 898
195 898
247 950
247 1000
337 1000
388 1000
490 1000
490 1102
451 1102
451 1062
400 1102
247 1102
247 1063
388 1063
145 1063
145 1102
196 1102
196 1153
145 1153
94 1153
94 1114
42 1114
145 1203
94 1203
43 1203
43 1164
43 1255
94 1306
196 1204
235 1204
235 1255
144 1255
336 1255
336 1216
336 1164
298 1216
298 1165
246 1165
400 1153
541 1102
541 1153
643 1102
541 1000
541 1051
591 1051
591 1011
490 961
541 961
490 910
450 910
450 961
388 960
337 898
387 910
387 858
337 847
286 808
337 808
388 808
439 808
439 847
541 847
541 898
541 808
592 808
592 847
592 898
592 949
643 898
643 1000
642 847
642 807
502 808
502 757
502 655
541 655
541 694
541 745
592 694
592 745
643 694
643 745
643 655
693 655
693 604
745 604
745 643
847 643
898 643
898 694
949 694
949 745
999 745
999 706
1051 706
898 604
949 604
949 643
1000 604
1000 643
1051 643
1101 643
1101 604
1153 604
1153 643
1153 744
1114 744
1114 705
1063 744
1063 796
1063 847
1102 796
1102 898
1063 898
1012 898
1012 808
961 808
961 846
910 846
910 808
859 808
859 757
898 757
859 705
808 757
808 706
757 706
706 706
706 797
745 797
745 847
745 897
706 897
706 858
706 949
847 847
847 949
808 949
808 909
756 949
847 1000
847 1101
808 1101
757 1101
757 1063
795 1063
795 1012
756 1012
706 1063
706 1011
654 1063
808 1153
847 1153
847 1204
757 1204
757 1165
706 1165
706 1113
603 1165
706 1204
706 1255
655 1255
655 1216
604 1216
552 1216
604 1306
552 1306
604 1357
694 1357
847 1255
847 1306
654 1306
898 1306
898 1255
898 1204
949 1204
949 1255
1051 1204
1051 1254
1012 1254
1012 1306
961 1306
961 1357
1012 1357
1051 1165
1012 1165
1012 1114
961 1114
961 1062
961 1153
898 1164
898 1000
898 1102
910 949
1012 949
1063 949
1153 898
1153 796
1204 643
1204 694
1255 643
1255 694
1306 694
1306 745
1266 745
1306 796
1267 796
1216 796
1216 756
1267 847
1164 847
1267 898
1216 898
1216 950
1306 950
1357 950
1357 999
1165 999
1165 961
1114 961
1114 1000
1012 1000
960 1000
1012 1051
1114 1051
1165 1051
1408 950
1306 898
1408 910
1510 910
1510 948
1471 948
1471 1051
1420 1051
1420 1011
1317 1051
1510 1051
1510 1153
1471 1153
1471 1113
1471 1255
1369 1255
1369 1215
1318 1255
1318 1165
1356 1165
1356 1114
1408 1114
1408 1204
1267 1114
1267 1063
1215 1063
1216 1114
1164 1114
1216 1204
1114 1204
1114 1165
1153 1165
1114 1114
1063 1114
1063 1062
1114 1255
1114 1306
1114 1356
1063 1356
1063 1317
1153 1306
1153 1357
1153 1407
1114 1407
1114 1459
1063 1459
1063 1420
1011 1420
1012 1459
1012 1510
961 1510
961 1470
1051 1510
1204 1459
1204 1510
1204 1560
1165 1560
1165 1611
1114 1611
1114 1573
1114 1522
1153 1522
1062 1573
1254 1510
1254 1470
1204 1357
1204 1408
1255 1408
1306 1408
1306 1459
1306 1510
1357 1459
1357 1510
1408 1459
1407 1408
1407 1368
1318 1369
1357 1369
1369 1306
1471 1306
1419 1306
1471 1408
1510 1204
1560 1153
1560 1113
1510 1012
1561 1012
1561 1051
1714 1012
1714 1050
1624 1050
1624 1102
1624 1204
1573 1204
1573 1254
1522 1254
1522 1306
1522 1358
1522 1458
1470 1458
1561 1358
1561 1459
1612 1459
1612 1561
1663 1561
1663 1612
1624 1612
1624 1713
1573 1713
1573 1675
1522 1675
1522 1624
1561 1624
1522 1573
1561 1573
1471 1573
1471 1522
1561 1522
1420 1573
1420 1521
1369 1573
1369 1612
1318 1612
1318 1573
1266 1573
1318 1663
1267 1663
1267 1624
1216 1624
1216 1663
1114 1663
1114 1714
1216 1713
1165 1713
1165 1765
1062 1765
1165 1816
1204 1816
1204 1866
1165 1866
1165 1918
1063 1918
1012 1918
1012 1879
1102 1879
961 1918
961 1879
961 1828
1102 1828
961 1777
910 1777
910 1726
1000 1726
1000 1765
1051 1726
1000 1675
1050 1675
1050 1623
960 1675
910 1624
910 1573
949 1573
949 1612
999 1612
999 1572
859 1624
859 1522
897 1522
897 1420
949 1420
897 1368
859 1420
859 1458
808 1458
808 1420
808 1369
847 1369
756 1369
756 1420
757 1458
757 1522
706 1510
706 1471
706 1420
604 1420
604 1458
553 1458
553 1419
655 1471
655 1510
604 1510
604 1561
655 1561
706 1611
654 1611
757 1561
757 1612
796 1612
796 1561
859 1663
859 1777
808 1777
808 1726
847 1726
757 1777
757 1726
757 1675
796 1675
706 1726
706 1674
706 1765
655 1765
655 1726
604 1726
604 1675
643 1675
604 1624
553 1624
553 1573
553 1522
451 1522
451 1420
490 1420
490 1459
451 1369
490 1369
541 1369
490 1318
490 1267
541 1267
490 1216
490 1164
451 1216
451 1164
399 1216
451 1318
451 1267
399 1267
400 1369
400 1317
349 1573
298 1573
298 1471
337 1471
337 1510
387 1510
387 1419
337 1369
298 1369
298 1318
337 1318
298 1408
247 1471
247 1420
247 1318
144 1318
196 1420
196 1369
43 1369
43 1317
196 1458
94 1458
94 1420
133 1420
42 1420
42 1458
94 1509
43 1509
43 1561
82 1561
82 1612
42 1612
82 1663
82 1765
43 1765
43 1674
133 1765
133 1816
42 1816
235 1816
337 1816
337 1867
298 1867
298 1918
196 1918
196 1879
235 1879
298 2020
247 2020
247 1981
145 1981
145 1878
94 1981
94 1929
196 2020
93 2020
196 2071
94 2071
43 2071
43 1879
82 1879
43 2122
94 2122
94 2172
42 2172
133 2122
133 2224
42 2224
133 2275
42 2275
184 2275
184 2326
42 2326
184 2377
43 2377
43 2429
82 2429
82 2479
43 2479
43 2530
133 2479
133 2530
93 2530
235 2530
286 2530
235 2491
337 2491
337 2530
388 2491
388 2530
439 2530
490 2530
439 2491
489 2491
489 2440
541 2440
541 2479
541 2530
592 2530
591 2479
591 2389
552 2389
489 2389
451 2389
451 2338
451 2287
489 2287
489 2236
540 2236
540 2185
643 2185
643 2224
694 2224
694 2275
604 2275
604 2235
604 2325
553 2325
553 2286
501 2325
745 2275
745 2325
706 2325
706 2376
655 2376
655 2337
655 2428
694 2428
847 2275
847 2326
807 2326
847 2377
847 2428
847 2479
808 2479
808 2439
847 2529
706 2529
706 2491
744 2491
744 2389
796 2389
654 2491
654 2529
898 2428
949 2377
949 2428
1000 2377
1000 2479
1000 2529
961 2529
961 2491
909 2491
909 2529
1050 2479
1050 2389
1102 2389
1102 2479
1102 2529
1062 2529
1153 2479
1153 2530
1153 2389
1153 2428
1204 2428
1204 2479
1204 2530
1255 2479
1255 2530
1306 2530
1357 2530
1408 2530
1357 2490
1306 2490
1459 2428
1510 2428
1510 2479
1471 2479
1419 2479
1471 2530
1561 2479
1561 2529
1521 2529
1459 2389
1459 2338
1510 2338
1510 2377
1612 2377
1663 2377
1765 2377
1765 2428
1674 2428
1765 2479
1675 2479
1624 2479
1624 2440
1572 2440
1624 2530
1675 2530
1714 2530
1765 2530
1816 2428
1816 2479
1816 2530
1867 2530
1867 2479
1918 2428
1918 2479
1969 2479
1969 2529
1929 2529
1816 2388
1765 2337
1663 2338
1713 2338
1713 2287
1765 2287
1816 2287
1816 2326
1867 2287
1918 2287
1918 2376
1879 2376
1879 2337
1969 2287
1969 2377
1969 2428
2020 2377
2020 2428
2071 2428
2071 2479
2031 2479
2071 2529
2031 2529
2122 2428
2122 2479
2173 2479
2173 2529
2133 2529
2122 2389
2173 2389
2173 2428
2020 2338
2071 2338
2071 2377
2173 2338
2224 2338
2224 2428
2173 2287
2224 2287
2275 2287
2224 2236
2275 2236
2325 2236
2325 2185
2376 2185
2376 2134
2428 2134
2428 2224
2428 2274
2389 2274
2389 2235
2389 2325
2338 2325
2338 2286
2286 2325
2479 2224
2479 2275
2530 2275
2530 2326
2491 2326
2439 2326
2491 2376
2440 2376
2389 2376
2337 2376
2389 2428
2440 2428
2440 2479
2389 2479
2338 2479
2338 2439
2287 2479
2287 2388
2236 2479
2236 2530
2275 2530
2338 2530
2389 2530
2479 2479
2479 2530
2439 2530
2529 2530
2529 2490
2530 2428
2529 2224
2529 2185
2529 2083
2529 1930
2490 1930
2491 2083
2491 2032
2440 2032
2440 1981
2479 1981
2490 2185
2479 2134
2376 2083
2428 2083
2338 2134
2338 2083
2338 2032
2376 2032
2376 1981
2287 1981
2236 1981
2236 1930
2376 1930
2376 1879
2376 1828
2428 1828
2428 1918
2479 1828
2479 1867
2530 1828
2530 1867
2530 1776
2287 1879
2287 1828
2326 1828
2287 1776
2185 1879
2185 1828
2224 1828
2185 1777
2223 1777
2223 1573
2274 1573
2274 1522
2325 1522
2325 1471
2377 1471
2377 1510
2377 1560
2338 1560
2338 1612
2377 1612
2377 1662
2287 1662
2287 1623
2428 1612
2428 1663
2428 1714
2286 1714
2428 1764
2337 1764
2479 1663
2479 1765
2530 1663
2530 1714
2530 1573
2491 1573
2491 1522
2530 1522
2491 1420
2491 1369
2530 1369
2530 1459
2530 1317
2491 1317
2440 1420
2440 1318
2389 1318
2389 1357
2388 1420
2479 1612
2428 1510
2428 1470
2325 1420
2325 1368
2287 1420
2287 1369
2287 1318
2325 1318
2325 1215
2287 1267
2287 1216
2287 1114
2287 1063
2326 1063
2235 1063
2236 1114
2236 1152
2185 1152
2185 1114
2134 1114
2134 1063
2173 1063
2082 1152
2185 1203
2134 1203
2032 1203
2032 1114
2032 1062
1981 1114
1981 1063
1981 961
2020 961
2020 1000
2071 1000
2071 1102
2071 910
2122 910
2122 1000
2173 1000
2275 1000
2173 960
2020 910
1930 910
1930 858
1879 910
1879 808
1918 808
1879 706
1969 706
1879 655
1828 655
1828 604
1866 604
1866 553
1828 553
1828 502
1918 502
1969 502
1969 540
1929 540
2020 502
2020 541
2020 592
1981 592
1981 642
1930 642
1930 603
2020 643
2071 643
2071 745
2122 745
2173 745
2122 705
2173 643
2173 694
2122 541
2122 592
2082 592
2275 592
2275 643
2326 643
2326 693
2236 693
2236 654
2236 745
2275 745
2275 796
2275 846
2236 846
2236 807
2083 846
2083 808
2173 808
2032 808
2032 705
1981 808
1981 757
1929 757
1981 847
2020 847
2236 898
2184 898
2236 949
2275 898
2275 949
2326 898
2326 949
2377 949
2377 999
2337 999
2428 949
2428 1000
2479 1000
2479 1051
2440 1051
2440 1102
2389 1102
2389 1062
2337 1102
2440 1153
2337 1153
2530 1153
2530 1204
2491 1204
2491 1254
2440 1254
2440 1216
2388 1216
2388 1254
2530 1255
2530 1102
2529 1051
2529 1011
2530 949
2428 898
2479 898
2428 859
2530 859
2530 898
2530 808
2530 705
2491 808
2491 756
2388 808
2326 859
2377 859
2326 796
2428 745
2173 541
2275 541
2326 541
2326 592
2377 592
2377 694
2428 592
2428 694
2428 553
2530 553
2530 592
2491 592
2491 694
2530 643
2377 502
2529 502
2529 451
2491 451
2491 400
2530 400
2491 349
2530 349
2491 297
2389 400
2389 349
2389 298
2428 298
2428 337
2428 247
2479 247
2428 196
2530 196
2530 286
2530 145
2491 145
2491 94
2529 94
2529 42
2491 42
2428 145
2389 145
2389 43
2428 43
2428 82
2389 234
2337 234
2338 349
2338 298
2236 298
2236 196
2275 196
2275 235
2325 196
2325 42
2275 144
2236 94
2274 94
2274 42
2236 43
2083 43
2083 82
2032 82
2032 133
2083 133
2185 94
2185 133
2134 196
2134 93
2083 196
2032 196
2032 235
1929 235
2032 287
2032 336
1981 336
1981 298
1879 298
1879 246
1827 298
1879 336
1777 336
1777 247
1815 247
1815 196
1917 196
1917 145
1969 145
1969 184
1917 94
1968 94
1968 43
2020 43
1917 42
1777 195
1726 247
1726 285
1675 285
1675 247
1675 196
1713 196
1713 94
1765 94
1765 133
1815 133
1815 94
1867 94
1867 133
1815 43
1867 43
1776 43
1713 42
1675 94
1675 42
1624 94
1624 43
1521 43
1573 94
1522 94
1522 132
1471 132
1420 132
1420 94
1458 94
1458 43
1368 43
1267 132
1267 94
1357 94
1267 43
1306 43
1216 94
1216 43
961 43
909 43
961 82
961 133
1000 82
1216 132
1216 183
1165 183
1114 183
1063 183
1063 234
961 234
961 196
999 196
999 145
1051 145
1101 145
1101 94
1153 94
1153 133
1051 93
910 196
910 94
858 94
859 196
859 144
808 196
757 196
757 145
604 145
553 145
553 94
745 94
796 94
796 133
796 43
847 43
745 42
553 43
694 43
502 145
502 43
450 43
604 184
706 196
654 196
706 235
604 235
604 286
604 490
553 490
553 451
502 451
502 400
540 400
540 298
540 195
501 298
502 349
450 349
451 400
298 400
298 439
337 439
337 490
388 490
388 541
388 439
451 439
501 490
604 541
541 541
451 541
451 501
451 592
400 592
349 592
349 541
286 490
235 388
247 337
286 286
337 286
337 336
297 336
286 247
336 247
336 196
388 196
388 235
439 235
439 285
400 285
400 337
490 235
439 196
490 196
388 145
438 145
438 93
336 82
388 94
388 43
184 2479
133 2439
247 2071
286 2071
337 2020
337 2071
337 2122
298 2122
298 2173
196 2173
196 2224
298 2223
247 2223
247 2326
247 2377
285 2326
285 2286
388 2122
388 2173
349 2173
349 2275
349 2377
297 2377
388 2377
337 2439
235 2440
286 2440
196 2123
235 2123
2082 1930
2287 2020
2286 2083
2275 2134
2185 2134
2185 2083
2224 2083
2185 2032
2224 2032
2185 1980
2134 2134
2134 2082
2083 2134
2083 2082
2134 2173
2173 2173
2224 2184
2071 2287
2121 2287
2121 2236
2173 2236
2071 2235
2019 2287
2019 2236
2019 2185
2071 2185
2019 2134
1980 2134
1980 2185
1980 2236
1867 2236
1918 2236
1867 2184
1765 2236
1816 2236
1765 2185
1815 2185
1815 2134
1867 2134
1918 2134
1918 2173
1918 2032
2020 2032
2020 2070
1980 2070
2071 2032
2121 2032
2121 1980
2082 1981
1470 1925
1561 1925
1561 1968
1522 1968
1522 2019
1471 2019
1470 1981
388 1867
388 1918
348 1918
388 2071
337 1980
1317 1823
1357 1823
1357 1918
1408 1823
1408 1867
1408 1918
1470 1867
1368 1981
1471 2071
1420 2071
1420 2031
1369 2071
1369 2031
1318 2071
1318 1980
1318 2122
1369 2122
1408 2122
1408 2173
1459 2173
1459 2223
1420 2223
1420 2275
1369 2275
1369 2326
1267 2326
1215 2326
1267 2377
1306 2377
1369 2389
1204 2388
949 2337
898 2326
1000 2275
795 2224
795 2134
847 2134
693 2185
693 2133
643 2133
540 2134
591 2134
591 2083
643 2083
694 2083
643 2032
745 2032
745 2173
796 2032
796 2071
796 1981
846 1981
846 1879
898 1879
898 1918
961 1969
910 1969
910 2020
858 2020
949 2020
1000 1969
1000 2020
1051 2020
1051 2071
1011 2071
1051 2122
1153 2122
1153 2071
1153 2020
1063 1969
1102 1969
1165 1969
1255 1969
1255 2020
1216 2020
1216 2122
1216 2173
1113 2173
1216 2224
1114 2224
1114 2275
1063 2275
1063 2185
1012 2185
1012 2133
961 2185
961 2133
910 2185
910 2083
949 2083
858 2083
910 2224
859 2224
859 2184
949 2224
1012 2224
1114 2326
1011 2326
1153 2326
1204 2275
1255 2224
1255 2275
1306 2275
1306 2224
1356 2224
1356 2184
1306 2184
1255 2173
1255 2122
1255 2071
1255 1930
1306 1930
1255 1879
1317 1879
898 1828
859 1828
757 1816
796 1816
808 1879
808 1918
705 1981
643 1980
603 2032
501 2185
399 2338
439 2439
388 2275
439 2173
439 2223
399 2223
439 2134
490 2134
439 2032
541 2032
541 2070
501 2070
541 1981
591 1981
591 1930
643 1930
694 1930
745 1930
694 1879
745 1879
643 1879
604 1879
604 1828
655 1828
706 1821
235 1721
286 1721
286 1765
439 1721
439 1764
337 1764
133 1663
133 1714
184 1721
184 1765
1318 1714
1267 1714
1267 1765
1318 1765
1357 1663
1266 1823
1204 1918
1204 1765
1471 1675
1471 1623
1419 1675
1573 1765
1522 1765
1522 1726
1470 1726
1522 1816
1573 1816
1612 1816
1612 1925
1561 1867
1470 1777
1420 1777
1420 1725
1408 1612
247 1510
246 1573
298 1611
246 1611
349 1612
349 1662
297 1662
388 1612
388 1663
439 1612
553 1662
502 1662
502 1623
552 1726
604 1777
502 1777
502 1816
541 1816
553 1930
553 1878
439 1918
439 1969
439 1816
439 1867
490 1867
490 1969
490 1721
439 1674
235 1674
184 1573
145 1573
145 1522
184 1522
145 1612
1612 1306
1612 1358
2184 1262
2224 1267
2224 1306
2184 1369
2286 1471
2134 1573
2134 1612
2185 1623
2134 1777
2134 1725
2134 1816
2083 1879
2083 1828
2083 1776
2031 1828
2032 1879
2032 1918
2031 1981
1867 2031
1815 2082
1713 2236
1624 2236
1624 2185
1714 2185
1572 2236
1612 2287
1663 2287
1560 2338
1560 2286
1419 2338
1459 2275
1510 2173
1510 2275
1561 2173
1471 2122
1561 2122
1561 2071
1612 2071
1612 2122
1561 2031
1714 1925
1714 1969
1675 1969
1623 1969
1675 2020
1623 2020
1675 2071
1714 2020
1765 1969
1663 1816
1663 1867
1714 1816
1714 1867
1765 1867
1765 1918
1816 1867
1816 1918
1816 1969
1816 2019
1777 2019
1777 2071
1725 2071
1777 2121
1674 2121
1867 1969
1918 1918
1918 1969
1968 1969
1968 1929
1765 1828
1867 1828
1867 1867
1969 1867
1968 1828
1968 1776
1663 1777
1714 1777
1816 1777
1714 1726
1674 1726
1612 1765
1663 1663
1663 1522
1714 1522
1714 1561
1714 1612
1765 1561
1765 1612
1816 1612
1816 1663
1725 1663
1816 1714
1776 1714
1867 1714
1867 1765
1918 1765
1918 1714
1969 1714
2020 1714
2020 1765
2020 1674
1969 1624
1969 1573
2020 1573
2020 1612
2071 1573
2071 1663
2071 1714
2122 1663
2020 1522
2121 1522
2121 1470
2020 1471
2070 1471
2070 1419
2020 1369
2122 1369
2122 1408
2224 1408
2224 1458
2185 1458
2185 1510
2224 1510
2122 1318
2184 1318
1612 1255
1266 1165
1255 1318
1216 1318
1216 1267
1255 1267
1153 1255
1266 1204
2235 1216
2031 1318
1981 1369
1981 1407
1930 1407
1930 1369
1930 1267
1969 1267
1969 1306
1969 1203
2032 1255
2134 1254
2082 1254
286 950
960 898
757 745
796 797
235 694
235 745
337 694
337 745
297 745
1255 599
1306 599
1357 599
1357 694
1408 599
1408 643
1459 643
1459 694
1419 694
1459 847
1408 847
1368 847
1306 847
1357 796
1408 796
1357 757
1408 757
1306 643
349 643
400 643
451 643
490 592
451 757
451 705
388 705
196 643
235 643
286 592
286 643
643 490
643 541
745 541
643 603
604 648
909 344
949 344
1000 344
1114 344
1204 344
1204 439
1204 490
1165 490
1165 399
1012 490
1012 541
1165 541
1204 541
1255 439
1306 439
1306 490
1357 490
1356 439
1356 400
1408 400
1408 439
1408 541
1368 541
1306 553
1267 553
1267 501
1204 603
1101 552
1051 552
949 552
847 603
796 541
796 592
847 541
796 502
847 502
898 502
898 541
949 502
909 400
949 400
949 439
999 439
999 400
1051 400
1051 439
1102 400
1102 439
2071 287
2071 337
2071 387
2031 387
2122 337
2122 388
2173 388
2173 439
2082 439
2122 501
2071 502
2020 451
1981 451
1726 336
1675 336
1368 242
1471 242
1510 242
1510 286
1561 286
1611 286
1611 247
1624 336
1624 439
1522 439
1522 490
1470 490
1561 490
1663 439
1663 490
1726 387
1674 387
1777 388
1929 336
1918 400
1879 400
1879 439
1828 451
1828 399
1725 451
1777 655
1777 604
1726 604
1726 553
1764 553
1764 501
1726 501
1675 553
1624 553
1624 501
1573 553
1573 591
1521 591
1624 643
1624 694
1714 643
1675 592
1777 694
1725 694
1777 745
1725 745
1777 846
1726 846
1726 808
1623 808
1828 706
1828 745
1828 808
1828 847
1827 910
1879 961
1879 1000
1828 1000
1828 961
1777 961
1777 1051
1828 1051
1879 1051
1918 1000
1929 1063
1879 1114
1827 1114
1879 1153
1828 1153
1777 1153
1777 1114
1725 1114
1828 1204
1776 1204
1828 1255
1867 1255
1918 1153
1981 1153
1878 1203
1879 1369
1879 1318
1827 1318
1827 1369
1930 1459
1980 1471
1980 1522
1929 1624
1918 1674
1867 1663
1866 1612
1866 1573
1917 1573
1917 1521
1866 1521
1816 1561
1765 1522
1816 1522
1765 1471
1816 1471
1866 1471
1866 1419
1816 1419
1765 1369
1765 1318
1765 1267
1725 1267
1674 1318
1726 1369
1726 1408
1675 1408
1623 1408
1675 1459
1726 1459
1663 1358
1663 1255
1663 1204
1663 1102
1663 1153
1714 1153
1714 1204
1714 961
1674 961
1561 960
1510 847
1561 847
1561 898
1663 847
1663 898
1624 898
1624 949
1765 898
1561 757
1662 757
1662 705
1510 807
1510 694
1510 745
1560 694
1560 654
1510 643
1459 541
1459 592
1510 541
1459 439
1459 400
1560 400
1560 349
1521 349
1459 349
1420 349
1420 298
1459 298
1368 349
2083 235
2134 286
2185 298
2185 246
2236 337
2184 337
2236 388
2275 337
2439 451
2377 450
2275 502
2326 502
2275 451
2326 451
2275 400
2326 400
2236 502
2236 450
808 235
858 234
1000 298
1051 298
949 297
847 451
847 399
807 451
745 451
706 451
706 399
694 490
643 348
643 286
706 287
706 337
745 337
745 287
796 287
796 337
796 387
756 387
847 337
898 287
745 246
1267 235
1420 184
1368 195
1318 242
1318 195
1318 349
1318 297
1306 399
1255 298
1215 298
1165 235
1165 286
1204 235
1573 196
1611 196
1611 145
1663 145
1521 196
Edge
2119
0 1
1 2
2 3
3 4
4 5
5 6
5 7
3 8
2 9
9 10
10 11
9 12
12 13
13 14
14 15
14 16
13 17
17 18
18 19
18 20
20 21
21 22
22 23
22 24
24 25
24 26
26 27
27 28
28 29
29 30
30 31
31 32
32 33
30 34
34 35
34 36
36 37
37 38
38 39
38 40
40 41
41 42
42 43
43 44
44 45
43 46
46 47
46 48
48 49
48 50
50 51
42 52
52 53
53 54
54 55
55 56
55 57
57 58
54 59
59 60
60 61
61 62
62 63
61 64
60 65
65 66
66 67
67 68
68 69
69 70
68 71
65 72
72 73
73 74
74 75
54 76
76 77
77 78
78 79
79 80
80 81
80 82
82 83
83 84
84 85
85 86
86 87
87 88
88 89
88 90
90 91
91 92
92 93
92 94
94 95
91 96
96 97
97 98
98 99
99 100
100 101
98 102
102 103
103 104
104 105
104 106
103 107
97 108
108 109
109 110
110 111
110 112
112 113
113 114
113 115
115 116
116 117
90 118
87 119
119 120
119 121
86 122
122 123
123 124
124 125
86 126
126 127
126 128
128 129
126 130
85 131
84 132
132 133
133 134
132 79
78 135
78 136
136 137
137 138
138 139
139 140
140 141
141 142
141 143
143 144
144 145
145 146
146 147
146 148
148 149
145 150
150 151
143 152
152 153
153 154
154 155
155 156
156 157
156 158
158 159
158 160
160 161
160 162
162 163
163 164
164 165
165 166
166 167
167 168
168 169
169 170
170 171
171 172
172 173
173 174
168 175
175 176
176 177
176 178
178 179
179 180
180 181
181 182
182 183
183 184
184 185
185 186
186 187
186 188
188 189
189 190
189 191
191 192
192 193
193 194
194 195
195 196
196 197
197 198
198 199
199 200
200 201
201 202
201 203
201 204
204 205
205 206
206 207
207 208
208 209
209 210
210 211
211 212
212 213
212 214
210 215
215 216
216 217
217 218
217 219
216 220
220 221
221 222
222 223
223 224
224 225
225 226
226 227
224 228
228 229
228 230
222 231
231 232
232 233
233 234
234 235
235 236
236 237
236 238
234 239
239 240
240 241
241 242
242 243
243 244
243 245
245 246
245 247
247 248
240 249
249 250
250 251
250 252
249 253
233 254
254 255
255 256
255 257
257 258
258 259
259 260
260 261
261 262
260 263
257 264
264 265
265 266
266 267
267 268
267 269
254 270
220 271
271 272
216 273
273 274
274 194
193 275
192 276
191 277
184 278
278 279
278 280
280 281
281 282
282 283
283 284
283 285
285 286
286 287
287 288
286 289
289 290
289 291
291 292
292 293
293 294
294 295
295 296
296 297
297 298
298 299
299 300
300 301
301 302
301 303
300 304
297 305
295 306
294 307
307 308
308 309
309 310
310 311
311 312
312 313
313 314
313 315
312 316
316 317
317 318
318 319
318 320
320 321
321 322
321 323
323 324
324 325
325 326
326 327
327 328
326 329
329 330
330 331
329 332
332 333
332 334
334 335
335 336
336 337
336 338
338 339
339 340
335 341
341 342
342 343
343 344
344 345
342 346
346 347
347 348
348 349
349 350
350 351
351 352
352 353
351 354
354 355
355 356
356 357
355 358
350 359
359 360
360 361
361 362
362 363
363 364
364 365
365 366
366 367
365 368
360 369
369 370
347 371
371 372
372 373
373 374
374 375
375 376
375 377
377 378
377 379
374 380
380 381
374 382
382 383
382 323
321 384
320 385
385 386
385 387
317 388
317 389
389 390
316 391
391 392
392 393
392 394
394 395
395 396
396 397
397 398
398 399
399 400
400 401
401 402
402 403
403 404
404 405
403 406
406 407
407 408
408 409
409 410
410 411
411 412
412 413
413 414
414 415
415 416
416 417
417 418
417 419
419 420
419 421
421 422
422 423
421 424
424 425
424 426
426 427
427 428
428 429
429 430
428 431
431 432
432 433
433 434
434 435
435 436
436 437
435 438
438 439
439 440
440 441
440 442
442 443
443 444
444 445
445 446
446 447
447 448
448 449
449 450
448 451
451 452
452 453
453 454
453 455
455 456
456 457
457 458
458 459
458 460
458 461
461 462
462 463
461 464
457 465
465 466
466 467
467 468
468 469
469 470
465 471
471 472
472 473
473 474
474 475
474 476
474 477
477 478
478 479
479 480
480 481
481 482
481 483
480 484
479 485
485 486
486 487
487 488
488 489
489 490
490 491
491 492
492 493
488 494
494 495
495 496
496 497
495 498
487 499
499 500
486 501
501 502
502 503
501 504
486 472
471 505
456 506
506 507
507 508
508 509
507 510
510 511
511 512
512 513
511 514
514 515
514 516
516 517
517 518
518 519
519 520
520 521
520 522
522 523
523 524
524 525
525 526
526 527
527 528
528 529
527 530
530 531
531 532
531 533
533 534
534 535
534 536
536 537
536 538
538 539
538 540
533 541
541 542
542 543
530 544
544 545
524 546
546 547
547 548
548 549
549 550
550 551
551 552
549 553
553 554
554 555
555 556
554 557
548 558
558 559
559 560
560 561
559 562
562 563
563 564
564 565
562 566
566 567
567 568
568 569
568 570
567 571
567 572
572 573
573 574
574 575
575 576
576 577
576 578
578 579
579 580
580 581
579 582
582 583
583 584
583 585
585 586
586 587
587 588
588 589
589 590
590 591
591 592
589 593
593 594
594 595
595 596
596 597
596 598
598 599
594 600
600 601
600 602
602 603
603 604
604 605
605 606
604 607
603 608
608 609
609 610
608 611
611 612
612 613
612 614
614 615
614 616
616 617
617 618
617 619
619 620
620 621
621 622
622 623
623 624
624 625
623 626
626 627
627 628
627 629
629 630
629 631
631 632
632 633
632 634
634 635
635 636
636 637
636 638
638 639
639 640
640 641
641 642
642 643
643 644
642 645
645 646
646 647
640 648
648 649
649 650
650 651
651 652
652 653
653 654
654 655
655 656
656 657
657 658
658 659
659 660
660 661
660 662
662 663
663 664
663 665
659 666
666 667
667 668
668 669
669 670
670 671
670 672
672 673
666 674
674 675
675 676
675 677
677 678
678 679
679 680
680 681
679 682
682 683
683 684
684 685
685 686
686 687
684 688
683 689
678 690
677 691
691 692
691 693
693 694
694 695
695 696
696 697
697 698
696 699
694 700
700 701
701 702
702 703
703 704
704 705
703 706
706 707
702 708
708 709
709 710
710 711
711 712
711 713
713 714
714 715
715 716
716 717
716 718
715 719
710 720
720 721
721 722
722 723
723 724
723 725
722 726
726 727
727 728
720 729
729 730
730 731
731 732
732 733
733 734
734 735
735 736
736 737
736 738
738 739
739 740
740 741
741 742
740 743
739 744
744 745
738 746
736 747
747 748
748 749
749 750
748 751
747 752
752 753
753 754
754 755
755 756
747 757
735 758
734 759
759 760
760 761
761 762
762 763
763 764
763 765
765 766
766 767
767 768
768 769
766 770
770 771
771 772
771 773
773 774
774 775
775 776
776 777
776 778
778 779
775 780
780 781
781 782
782 783
783 784
780 785
785 786
786 787
773 788
788 789
789 790
789 791
791 792
792 793
791 794
794 795
795 796
795 797
797 798
798 799
799 800
800 801
801 802
802 803
803 804
804 805
805 806
806 807
806 808
808 809
809 810
809 811
804 812
812 813
813 814
814 815
815 816
816 817
816 818
818 819
819 820
820 821
820 822
819 823
823 824
824 825
825 826
826 827
826 828
828 829
828 830
830 831
831 832
826 833
825 834
824 835
835 836
836 837
836 838
838 839
823 840
840 815
812 841
841 842
842 843
843 844
844 845
843 846
846 847
847 848
848 849
849 850
842 851
803 852
802 853
853 854
802 855
855 856
856 857
857 858
858 859
859 860
860 861
861 862
862 863
863 864
864 865
865 866
866 867
866 868
868 869
868 870
870 871
870 872
864 873
873 874
874 875
874 876
873 877
877 878
878 879
878 880
880 881
881 882
882 883
883 884
884 885
885 886
886 887
887 888
888 889
889 890
890 891
891 892
892 893
893 894
894 895
892 896
896 897
897 898
898 899
898 900
900 901
897 902
902 903
902 904
904 905
904 906
906 907
907 908
908 909
908 910
910 911
911 912
912 913
912 914
911 915
910 916
916 917
917 918
918 919
916 920
896 921
896 922
922 923
922 888
886 924
924 925
924 926
926 927
927 928
928 929
929 930
928 931
931 932
932 933
933 934
934 935
934 936
933 937
937 938
938 939
939 940
940 941
941 942
942 943
939 944
939 945
945 946
946 947
947 948
948 949
948 950
950 951
951 952
952 953
953 954
954 955
955 956
955 957
957 958
958 959
959 960
960 961
960 962
953 963
963 964
964 965
964 966
966 967
967 968
967 969
969 970
969 971
971 972
972 973
973 974
974 975
975 976
976 977
977 978
978 979
979 980
980 981
979 982
982 983
983 984
984 985
985 986
986 987
987 988
984 989
989 990
990 991
991 992
992 993
992 994
990 995
995 996
983 997
997 998
998 999
998 1000
1000 1001
1001 1002
1002 1003
1003 1004
1004 1005
1004 1006
1006 1007
1007 1008
1008 1009
1009 1010
1010 1011
1010 1012
1012 1013
1013 1014
1013 1015
1015 1016
1015 1017
1017 1018
1018 1019
1017 1020
1020 1021
1010 1022
1022 1023
1022 1024
1022 1025
1025 1026
1025 1027
1027 1028
1028 1029
1029 1030
1030 1031
1029 1032
1032 1033
1033 1034
1034 1035
1035 1036
1036 1037
1037 1038
1038 1039
1038 1040
1037 1041
1041 1042
1041 1043
1043 1044
1044 1045
1045 1046
1046 1047
1047 1048
1048 1049
1047 1050
1044 1051
1037 1052
1035 1053
1053 1054
1032 1055
1027 1056
1056 1057
1056 1058
1058 1059
1059 1060
1059 1061
1061 1062
1061 1063
1063 1064
1063 1065
1027 1066
1066 1067
1008 1068
1007 1069
997 1070
1070 1071
1071 1072
1072 1073
1073 1074
1074 1075
1074 1076
1076 1077
1076 1078
1078 1079
1079 1080
1080 1081
1081 1082
1080 1083
1074 1084
1084 1085
1085 1086
1086 1087
1087 1088
1088 1089
1088 1090
1090 1091
1090 1092
1088 1093
1093 1094
1094 1095
1095 1096
1096 1097
1096 1098
1098 1099
1098 1100
1100 1101
1101 1102
1101 1103
1103 1104
1104 1105
1105 1106
1106 1107
1105 1108
1100 1109
1109 1110
1110 1111
1111 1112
1112 1113
1110 1114
1114 1115
1094 1116
1116 1117
1117 1118
1118 1119
1119 1120
1120 1121
1120 1122
1122 1123
1120 1124
1119 1125
1125 1126
1126 1127
1125 1128
1128 1129
1129 1130
1130 1131
1131 1132
1130 1133
1125 1134
1134 1135
1119 1136
1136 1137
1136 1138
1138 1139
1139 1140
1140 1141
1140 1142
1142 1143
1143 1144
1144 1145
1145 1146
1146 1147
1146 1148
1146 1149
1149 1150
1150 1151
1151 1152
1152 1153
1153 1154
1154 1155
1155 1156
1156 1157
1155 1158
1158 1159
1159 1160
1160 1161
1158 1162
1151 1163
1151 1164
1164 1165
1165 1166
1166 1167
1167 1168
1168 1169
1169 1170
1170 1171
1171 1172
1172 1173
1173 1174
1174 1175
1175 1176
1174 1177
1177 1178
1177 1179
1170 1180
1170 1181
1181 1182
1181 1183
1183 1184
1184 1185
1183 1186
1186 1187
1187 1188
1188 1189
1189 1190
1190 1191
1191 1192
1192 1193
1193 1194
1190 1195
1195 1196
1196 1197
1196 1198
1198 1199
1196 1200
1200 1201
1201 1202
1202 1203
1202 1204
1204 1205
1204 1206
1195 1207
1207 1208
1208 1209
1209 1210
1210 1211
1211 1212
1212 1213
1213 1214
1214 1215
1215 1216
1216 1217
1217 1218
1218 1219
1219 1220
1220 1221
1217 1222
1214 1223
1223 1224
1224 1225
1223 1226
1226 1227
1226 1228
1228 1229
1229 1230
1230 1231
1231 1232
1232 1233
1233 1234
1234 1235
1235 1236
1235 1237
1237 1238
1234 1239
1233 1240
1240 1241
1232 1242
1242 1243
1243 1244
1231 1245
1229 1246
1246 1247
1246 1248
1248 1249
1249 1250
1250 1251
1251 1252
1252 1253
1253 1254
1254 1255
1255 1256
1256 1257
1257 1258
1257 1259
1255 1260
1260 1261
1255 1262
1262 1263
1263 1264
1264 1265
1265 1266
1266 1267
1267 1268
1265 1269
1262 1270
1252 1271
1251 1272
1272 1273
1273 1274
1274 1275
1274 1276
1276 1277
1277 1278
1278 1279
1279 38
37 1280
30 1281
26 1282
26 1283
1283 1284
1284 1285
1285 1286
1283 1287
1287 1288
1288 1289
1289 1290
1290 1291
1291 1292
1292 1293
1293 1294
1294 1295
1292 1296
1292 1297
1297 1298
1290 1299
1299 1300
1300 1301
1289 1302
1302 1303
1302 20
17 1304
619 1305
1305 626
626 1306
594 1307
1307 1308
593 1309
1309 1310
1310 1311
1311 1312
1312 1313
1313 1314
1314 1315
1313 1316
1316 1317
1317 1318
1318 1319
1318 1320
1320 1321
1311 1322
1322 1323
1323 1324
1324 1325
1325 1326
1326 1327
1326 1328
1328 634
632 1329
631 1330
1330 1331
602 1332
1332 1333
1334 862
860 1335
856 1336
798 1337
1337 1338
1338 1339
1339 1340
1339 1341
1341 1342
1341 1343
1338 1344
1344 1345
1344 1346
1346 1347
1344 1348
1348 1349
797 1350
789 1351
1351 1352
1352 1353
1353 1354
1351 1355
770 1356
1356 1357
1357 1358
1358 1359
1358 1360
1360 1361
1358 1362
1357 1363
765 1364
1364 1365
1364 1366
762 1367
1367 1368
1367 1369
1369 1370
1370 1371
1371 1372
1372 1373
1373 1374
1373 1375
1375 1376
1376 1377
1377 1378
1376 1379
1379 1380
1380 1381
1379 1382
1382 1334
1383 1384
1384 1385
1385 1386
1386 1387
1387 1388
1388 1389
1389 1383
587 1390
1390 1391
1391 1392
1391 1393
1393 1310
1309 1394
1395 1396
1396 1397
1396 1398
1398 1399
1399 1400
1399 1401
1401 1383
1389 1402
1388 1403
1403 1404
1404 1405
1404 1406
1406 1407
1406 1408
1408 1409
1408 1410
1406 1411
1411 1412
1412 1413
1413 1414
1414 1415
1415 1416
1416 1417
1417 1418
1418 1419
1419 1420
1420 1421
1420 1422
1422 1423
1419 1424
1424 729
710 1425
691 1426
675 1427
674 1428
658 1429
1429 1430
1430 1431
656 1432
1432 1433
656 1434
655 1435
1435 1436
1436 1437
1437 1438
1438 1439
1438 1440
1440 1441
1441 1442
1441 1443
1443 1444
1443 1445
1445 1446
1446 1447
1447 1448
1448 1449
1448 452
451 1450
1450 1451
1451 1452
1452 1453
1452 1454
1450 1455
1455 1456
1456 1457
1457 1458
1458 1459
1458 1460
1460 1461
1458 1462
1457 1463
447 1464
1464 1465
446 1466
1466 1467
1467 1468
1468 1469
1469 1470
1470 1471
1471 1472
1471 1473
1473 1474
1474 1475
1475 1476
1476 1477
1477 1478
1478 1479
1478 1480
1480 1481
1480 1482
1482 1483
1483 1484
1483 1485
1482 1486
1486 1487
1487 1488
1486 1489
1478 1490
1475 1491
1491 1492
1491 1493
1475 1494
1473 1495
1495 1496
1496 1497
1495 1498
1498 1499
1499 1500
1498 1501
1471 1502
1470 1503
1468 1504
1467 1505
1505 1506
1505 1507
1507 1508
1508 1395
1448 1509
1509 1510
1510 506
510 1511
1511 1512
1447 1513
1513 1514
1445 1515
1440 1516
1440 1517
655 1518
650 1519
638 1520
1325 1521
1323 1522
1522 1523
1523 1524
1522 1525
1525 1526
1525 1527
1527 1528
1528 1529
1529 1530
1528 1531
1531 1532
1532 1533
1533 1534
1534 1535
1535 1536
1535 1537
1537 1538
1534 1539
1539 1540
1540 1541
1541 1542
1542 517
516 1543
1544 1545
1545 1546
1545 1547
1547 1548
1548 1549
1549 586
585 1544
578 1550
1550 1551
1551 1552
1552 1553
1552 1544
431 1554
1554 1555
1555 1556
1554 1557
431 1558
1558 1396
1395 1559
446 1560
440 1561
416 1562
1562 1563
1562 1564
414 1565
1565 1566
1566 1567
1567 1568
1566 1569
1565 1570
1570 1571
1571 1572
1572 1384
1401 1573
1401 1574
1574 1575
1575 1576
427 1577
558 1578
547 1579
547 1580
1580 1581
546 1582
1582 1583
1583 1584
1582 1585
1585 1586
1585 1587
523 1588
1588 1589
1589 1590
519 1591
1541 1592
1592 1593
1593 1594
1594 1595
1533 1596
1596 1597
1391 1598
1598 1599
586 1600
1600 1601
1601 1602
1602 1603
1547 1604
1547 1605
1544 1606
1552 1607
1607 1608
1608 1609
1609 1610
1608 1611
402 1612
1612 1613
1613 406
1614 1615
1615 1616
1615 931
927 1617
886 1618
882 1619
1619 1620
880 1621
880 1622
1622 1623
1622 1624
877 1625
1625 1626
1626 1627
1626 1628
1625 1629
1629 1630
1382 1631
1372 1632
1371 1633
761 1634
1634 1635
1635 1636
1636 1637
1635 1638
733 1639
1639 1640
731 1641
1641 1642
730 1643
1417 1644
1414 1645
1645 1646
1645 1647
1403 1648
1648 1649
1403 1650
1650 1651
1651 1652
1650 1653
1572 1654
1654 1655
1655 1656
1656 1657
1656 1658
1658 1659
1658 1660
1658 1661
1655 1662
1571 1663
1663 1664
1663 1665
1665 1666
1666 1667
1667 1668
1667 1669
1669 1670
1670 1671
1671 1672
1672 1673
1673 1674
1674 1675
1674 1676
1676 1677
1671 1678
1670 1679
1679 1680
1680 1681
1681 1682
1667 1683
1683 1684
1684 1685
1685 1686
1684 1687
1687 1688
1663 1689
1689 1690
1690 1691
1690 1692
1692 1693
1565 1694
411 1695
410 1696
1696 1697
1697 1698
1698 1699
1698 1700
1700 1701
1701 1702
1702 1703
1703 1704
1703 1705
1705 1706
1705 1707
1707 1708
1708 1709
1707 1710
1710 1711
1711 1712
1712 1713
1712 1714
1711 1715
1715 1716
1716 1717
1717 1718
1717 1719
1719 1720
1720 1721
1720 1722
1717 1723
1723 1724
1724 1725
1723 1726
1726 1727
1727 1728
1726 1729
1729 1730
1730 1731
1731 1732
1732 1733
1733 1734
1734 1735
1735 1736
1730 1737
1737 1738
1738 1614
398 1739
1739 1612
1740 324
373 1741
1741 1742
1742 1743
1743 1744
341 1745
334 1746
1746 1740
932 1747
1737 1748
1729 1749
1749 1750
1750 1751
1751 1752
1752 1753
1753 1754
1754 1755
1754 1756
1756 947
947 1757
946 1758
1758 1759
291 307
82 1760
194 1761
273 198
206 1762
209 1763
53 1764
1764 1765
1764 1766
1766 1767
1767 1768
1767 137
1769 1770
1770 1771
1771 1772
1771 1773
1773 1774
1774 1775
1775 1776
1776 1777
1776 1778
1778 1779
1779 1780
1779 308
285 1781
285 1782
1782 1783
1782 1784
1784 1785
280 1786
280 1769
1278 1787
1277 1788
1276 1789
1276 1790
1273 155
153 1791
1791 1792
138 1793
41 1794
40 1795
40 1796
1796 1797
1251 1798
1798 1799
1799 1800
1800 165
162 1801
1272 1802
1803 1804
1804 1805
1805 1806
1806 1807
1807 1808
1808 1809
1809 1810
1810 1811
1810 1812
1812 1813
1810 1814
1809 1815
1808 1816
1816 1817
1817 1818
1818 1819
1817 1820
1820 1821
1821 1822
1822 1823
1823 1824
1824 1825
1824 1773
1770 1826
1826 1827
1827 1828
278 1829
182 1830
180 1831
176 1832
167 1833
1800 1834
1834 1835
1834 1836
1834 1837
1837 1838
1838 1839
1839 1840
1839 1841
1839 1842
1842 1843
1843 1844
1844 1845
1845 1846
1846 1847
1847 1848
1847 1849
1849 1850
1842 1803
1142 1851
1851 1852
1852 1853
1853 1854
1852 1855
1855 1856
1856 1857
1857 1858
1858 1859
1858 1070
997 1860
982 1861
982 1862
1862 1863
1863 1144
1150 1864
1864 1865
1865 1166
1866 1867
1867 1868
1868 1869
1869 1870
1870 1871
1871 1872
1872 1167
1865 1873
1873 1874
1874 1875
1875 1876
1876 1877
1876 1878
1874 1879
1879 1880
1864 1881
1881 1882
1150 1883
1144 1884
978 1885
1885 1886
1886 1887
977 1888
1888 1889
1888 1890
972 1891
1891 1892
1892 1893
1893 1894
1894 1895
1895 1896
1894 1897
1894 1898
1898 1899
1899 1900
1899 1901
1901 1902
1902 1903
1899 1904
1904 1905
1904 1906
1898 1907
1891 1908
1908 1909
1908 1910
1910 1911
1910 1912
1912 1913
1913 1914
1914 1915
969 1916
1916 1917
967 1918
1918 1919
966 1920
952 1921
1921 1922
1922 1923
1923 1924
1924 1925
1925 1926
1923 1927
1922 1928
1922 1929
951 1930
950 1931
1931 1932
1931 1933
1933 1934
1934 1935
1935 1936
1936 1937
1934 1938
1938 1939
1938 1940
1940 1941
1933 1942
950 1943
1756 1944
1752 1945
1945 1946
1946 1947
1945 1948
1751 1949
1726 1950
1723 1951
1715 1952
1710 1953
1703 1954
1702 1955
1955 1956
1956 1957
1957 1958
1956 1959
1700 1960
1697 1961
1961 1962
1961 1963
1963 1964
1964 1965
1965 1966
1964 1967
1963 1968
1968 1969
1969 1970
1970 1971
1969 1972
1968 1973
1973 1974
1974 1975
1975 1976
1975 1977
1974 1978
1613 1979
1739 1980
398 1981
397 1982
1982 1983
1983 1984
1984 1985
394 1986
1986 1987
392 1988
1778 1989
1989 1990
1990 1991
1990 1992
1992 1993
1993 1994
1994 1995
1993 1996
1990 1997
1997 1998
1998 1999
1989 2000
1776 2001
2001 2002
2001 2003
2003 2004
1775 2005
1824 2006
2006 2007
2006 2008
1823 2009
1822 2010
2010 2011
2011 2012
2012 2013
2010 2014
2014 2015
2015 2016
2016 2017
1821 2018
2018 1866
1138 2019
1136 2020
1118 2021
2021 2022
1118 2023
2023 2024
2023 2025
2023 2026
1087 2027
1084 2028
1071 2029
2029 2030
2029 2031
2031 2032
2031 2033
2033 2034
2029 2035
2035 2036
1228 2037
1213 2038
1210 1806
1805 2039
2039 2040
1804 2041
1838 2042
2042 2043
2042 2044
1800 2045
2045 2046
2046 2047
1798 2048
1798 2049
1250 2050
1248 2051
2051 2052
2052 2053
2051 2054
2054 2055
2055 2056
2056 2057
2057 2058
2056 2059
2055 2060
2054 2061
1195 2062
1190 2063
1189 1867
1866 2064
1866 2065
2065 2066
2018 2067
2067 2068
1817 2069
1816 2070
2070 2071
1209 2072
2072 2073
2072 2074
1870 2075
2075 2076
2076 2077
2077 2078
2075 1186
2075 2079
