Vertice
1033
40 34
40 90
89 34
89 145
89 201
45 201
45 157
145 145
201 145
201 201
157 201
201 257
201 314
257 314
257 369
157 369
157 325
425 369
425 482
481 482
481 437
537 437
537 593
493 593
437 593
493 649
437 649
381 649
381 605
381 549
482 549
381 437
325 437
325 549
270 605
270 705
214 705
214 761
157 761
157 661
101 661
101 605
145 605
201 605
201 650
201 549
258 549
201 493
201 438
257 438
257 481
314 481
157 493
157 437
101 437
101 325
101 269
146 269
45 269
46 325
46 370
46 437
46 482
45 605
45 549
46 661
46 705
90 705
101 761
46 761
46 874
101 817
146 817
270 817
214 817
214 874
270 929
313 929
369 929
369 1041
326 1041
326 1097
269 1097
269 997
314 997
157 997
157 941
202 941
157 885
101 997
101 941
101 885
45 941
157 1041
101 1041
45 1041
45 997
101 1097
45 1097
101 1153
101 1209
45 1209
45 1165
45 1265
45 1322
90 1265
202 1153
269 1154
425 929
425 985
481 985
481 1041
437 1041
313 885
313 817
313 773
325 649
437 705
381 705
325 705
381 874
437 761
538 761
493 705
538 705
537 650
593 437
593 538
649 437
649 481
649 537
649 593
605 593
706 593
706 537
706 481
705 437
761 437
817 437
817 381
873 381
873 481
873 537
829 537
829 493
773 537
773 493
829 593
774 593
774 649
818 649
873 593
873 650
985 593
1041 593
1041 649
997 649
942 649
942 705
885 705
718 705
718 761
661 761
661 661
706 661
605 661
605 761
605 717
605 817
549 817
437 817
549 873
437 873
593 873
593 929
493 929
649 873
649 1041
549 1041
549 998
594 998
549 1209
493 1209
493 1165
493 1109
437 1165
437 1109
381 1165
381 1109
325 1165
493 1265
537 1265
537 1321
494 1321
494 1378
537 1377
594 1377
594 1321
593 1265
593 1222
649 1222
649 1433
606 1433
606 1489
705 1489
705 1545
605 1545
705 1601
662 1601
662 1657
549 1657
549 1613
594 1613
549 1557
549 1501
493 1501
493 1445
538 1445
437 1445
437 1389
381 1389
381 1334
425 1334
425 1277
381 1433
325 1433
269 1433
269 1390
313 1390
313 1277
369 1277
369 1222
426 1222
269 1277
269 1221
314 1221
213 1221
158 1221
158 1321
101 1321
213 1266
213 1433
213 1389
213 1334
258 1334
157 1389
325 1489
213 1489
157 1489
157 1445
101 1489
213 1545
45 1545
45 1446
89 1446
89 1389
45 1389
45 1601
45 1882
45 1938
89 1882
89 1937
145 1937
145 1837
201 1837
201 1881
201 1938
257 1881
257 1938
257 1837
201 1781
257 1781
257 1669
369 1669
425 1669
425 1713
381 1713
425 1770
481 1713
481 1769
538 1769
482 1669
369 1614
425 1614
482 1614
425 1557
381 1557
213 1669
201 1725
101 1725
101 1669
146 1669
101 1601
146 1613
213 1602
325 1545
270 1545
270 1601
314 1601
437 1489
381 1489
493 1557
662 1713
605 1713
549 1713
605 1769
605 1825
437 1825
381 1825
381 1781
325 1781
325 1725
325 1825
437 1937
381 1937
381 1893
325 1937
325 1893
649 1769
649 1881
605 1881
493 1881
605 1937
493 1937
649 1937
706 1937
705 1881
761 1881
761 1938
705 1837
761 1769
761 1825
817 1825
817 1937
930 1937
873 1825
873 1881
985 1881
985 1937
1041 1937
1041 1893
985 1837
1098 1837
985 1781
1097 1781
1153 1781
1153 1881
1110 1881
1110 1938
1097 1725
1097 1669
1053 1669
985 1725
997 1669
941 1725
941 1669
885 1669
885 1613
929 1613
929 1557
985 1557
985 1602
985 1501
1041 1501
1041 1546
1041 1389
1041 1333
1097 1333
1097 1378
1041 1278
1097 1278
1154 1278
1097 1222
1209 1222
1209 1265
1265 1265
1265 1377
1265 1433
1265 1489
1221 1489
1221 1389
1221 1333
1165 1389
1165 1333
1165 1490
1221 1545
1165 1545
1109 1545
1109 1445
1109 1601
1053 1601
1165 1714
1221 1601
1221 1658
1265 1601
1265 1658
1265 1557
1321 1489
1321 1545
1377 1545
1377 1601
1334 1601
1334 1713
1377 1713
1377 1669
1433 1601
1489 1601
1489 1657
1446 1657
1446 1714
1489 1713
1489 1769
1446 1769
1446 1825
1390 1825
1390 1882
1446 1881
1446 1937
1333 1937
1333 1893
1277 1893
1221 1937
1221 1837
1266 1837
1221 1726
1265 1726
1265 1769
1321 1769
1321 1826
1378 1769
1165 1937
1490 1937
1490 1881
1545 1825
1545 1782
1601 1782
1601 1881
1558 1881
1558 1938
1657 1881
1657 1937
1613 1937
1714 1937
1769 1881
1769 1937
1937 1937
1937 1893
1825 1881
1825 1837
1657 1837
1658 1782
1601 1726
1657 1726
1713 1726
1713 1825
1770 1825
1657 1669
1613 1669
1613 1557
1657 1557
1657 1602
1713 1557
1713 1602
1825 1602
1825 1657
1781 1657
1725 1657
1781 1769
1825 1769
1825 1726
1881 1726
1881 1825
1881 1882
1937 1825
1937 1781
1938 1726
1881 1602
1881 1657
1938 1657
1938 1602
1825 1557
1825 1501
1881 1501
1881 1545
1937 1545
1937 1501
1825 1390
1937 1390
1937 1433
1893 1433
1937 1333
1893 1333
1781 1557
1781 1501
1781 1389
1781 1333
1826 1333
1781 1277
1825 1277
1825 1221
1881 1221
1881 1266
1937 1221
1937 1266
1937 1053
1937 997
1893 1053
1893 941
1938 941
1837 941
1837 830
1881 830
1881 873
1938 873
1938 830
1881 717
1937 717
1937 762
1837 717
1837 661
1881 661
1881 549
1937 549
1937 650
1937 437
1837 549
1837 493
1881 493
1881 381
1937 381
1937 269
1893 269
1837 269
1837 213
1882 213
1837 157
1881 157
1937 157
1937 202
1881 102
1938 102
1837 101
1781 101
1781 45
1938 45
1669 45
1726 101
1726 145
1669 145
1613 145
1613 101
1658 101
1613 45
1502 45
1502 90
1557 101
1669 201
1501 201
1501 158
1546 158
1445 201
1501 257
1445 257
1389 257
1389 157
1433 157
1433 45
1389 101
1333 257
1389 313
1277 313
1277 269
1389 370
1433 370
1433 481
1489 481
1489 537
1389 537
1333 537
1333 493
1277 493
1277 437
1221 437
1221 381
1321 381
1321 425
1377 425
1377 482
1221 269
1165 437
1165 325
1165 213
1165 157
1209 157
1209 201
1322 201
1165 101
1165 46
1265 46
1265 89
1221 89
1321 89
1321 145
1277 145
1321 46
1378 46
1109 101
1109 45
1053 45
997 45
1053 90
1053 157
1109 213
1109 325
1109 269
1054 269
1054 313
997 313
1054 369
997 369
1109 370
1165 481
1109 481
1109 437
997 437
1041 481
985 549
929 481
929 538
986 481
929 381
929 426
929 325
929 213
929 157
985 157
985 201
985 258
1042 201
929 101
986 101
929 45
885 45
829 101
829 45
717 101
717 45
762 45
662 45
662 89
605 89
605 45
549 45
549 89
605 145
493 145
493 101
437 101
437 46
482 46
493 201
437 201
437 157
381 157
381 101
381 45
325 101
325 45
325 157
269 157
269 101
213 101
213 46
258 46
145 101
151 34
1557 1669
1557 1713
828 1613
886 1725
886 1769
829 1769
930 1769
930 1825
705 1657
705 1713
828 1713
101 1769
146 1769
101 1837
1713 1501
761 1489
929 1489
829 1557
774 1613
774 1658
762 1545
1724 1277
1724 1389
1724 1048
1825 1053
1881 1109
1838 1109
1838 1154
1781 1221
1781 1165
1725 1165
1724 1109
1770 1109
1669 1048
1725 1209
1669 1209
1053 1048
1097 1048
1097 1153
1053 1153
649 1097
606 1097
606 1154
705 1097
761 1097
761 1153
717 1153
661 1153
717 1209
717 1265
717 1321
762 1321
817 1265
817 1321
929 1321
929 1389
985 1445
929 1445
761 1445
818 1445
761 1389
873 1389
873 1434
718 1389
718 1434
202 1041
718 817
718 873
650 817
885 761
829 761
773 761
829 817
1557 600
1601 600
1657 600
1713 600
1713 649
1669 649
1713 705
1770 705
1769 649
1769 606
1837 606
1837 761
1781 761
1725 761
1781 817
1725 817
1781 874
1725 941
1725 885
1669 885
1669 829
1669 717
1613 829
1557 885
1557 829
1557 773
1602 773
1557 717
1601 717
1601 661
1389 594
1489 593
1446 593
1446 649
1389 649
1446 705
1389 705
1489 649
1489 717
1489 762
1501 829
1501 885
1445 885
1445 773
1389 885
1501 929
1545 929
1545 985
1501 985
1545 1041
1501 1041
1601 1041
1601 1097
1557 1097
1601 1210
1601 998
1658 998
1669 929
1613 929
1825 997
1725 997
1670 1277
1670 1322
1713 1445
1613 1501
1657 1501
1657 1445
1657 1389
1613 1445
1613 1333
1613 1277
1445 1333
1557 1445
1557 1389
1502 1389
1502 1434
1557 1501
1545 1601
1545 1557
1489 1501
1433 1557
1377 1433
1377 1489
1434 1489
1377 1389
1433 1389
1433 1434
1377 1333
1321 1377
1321 1333
1321 1265
1433 1265
1433 1222
1489 1222
1489 1265
1545 1265
1545 1165
1489 1165
1489 1109
1389 1165
1389 1109
1434 1109
1389 997
1433 997
1433 1042
1389 942
1434 942
1334 997
1334 1042
1321 1221
1378 1221
1321 1165
1321 1109
1278 1165
1278 1210
986 1321
929 1277
986 1277
929 1221
929 1165
885 1221
885 1165
885 1266
817 1209
817 1165
761 1054
817 1054
817 1098
873 1054
873 1098
929 1054
929 1098
985 1054
985 1098
929 941
1041 941
1041 985
997 985
929 885
985 885
1042 885
985 829
985 774
1041 774
1041 818
1097 774
1097 817
1154 817
941 829
941 773
885 829
885 885
829 941
829 885
773 941
773 885
773 985
717 985
829 985
874 985
705 1053
718 930
997 706
1097 649
1097 705
1053 705
1153 649
1153 762
1265 649
1265 705
1265 761
1221 761
1221 717
1265 817
1265 873
1321 873
1321 929
1221 929
1165 929
1165 885
1209 885
1209 829
1109 885
1221 985
1165 985
1097 985
1109 941
998 1153
998 1210
1053 1210
1165 1041
1165 1098
1210 1041
1265 985
1265 1097
1222 1097
1222 1153
1165 1153
1377 817
1377 773
1322 761
1322 705
1321 649
1333 605
1556 432
1657 432
1713 432
1713 481
1713 538
1769 493
1769 538
1657 493
1613 493
1601 549
1556 481
1545 543
1221 493
1277 605
1277 549
1221 549
1165 537
1110 537
1110 594
1165 594
1210 594
145 549
425 320
481 320
537 320
481 381
1445 314
1501 369
1556 369
1489 437
828 264
873 264
873 325
828 325
537 264
649 264
649 313
605 313
649 369
705 369
593 381
313 257
313 320
1726 257
1613 257
1556 257
1782 213
1782 313
1725 313
1826 313
1893 314
1837 381
1837 437
1769 432
1769 381
1657 381
1714 381
1657 325
1613 381
1613 314
1770 145
829 146
885 157
885 213
828 213
773 213
773 157
773 258
773 325
761 381
705 325
705 264
717 157
661 157
481 269
426 257
325 201
269 201
370 201
650 201
Edge
1060
0 1
0 2
2 3
3 4
4 5
5 6
3 7
7 8
8 9
9 10
9 11
11 12
12 13
13 14
14 15
15 16
14 17
17 18
18 19
19 20
20 21
21 22
22 23
23 24
23 25
25 26
26 27
27 28
28 29
29 30
29 31
31 32
29 33
28 34
34 35
35 36
36 37
37 38
38 39
39 40
40 41
41 42
42 43
43 44
43 45
45 46
45 47
47 48
48 49
49 50
50 51
47 52
52 53
53 54
54 55
55 56
56 57
56 58
55 59
59 60
54 61
61 62
54 41
41 63
63 64
40 65
65 66
66 67
38 68
68 69
69 70
68 71
71 72
35 73
73 74
74 75
73 76
76 77
77 78
78 79
79 80
80 81
81 82
82 83
83 84
83 85
85 86
86 87
86 88
85 89
89 90
90 91
90 92
85 93
93 94
94 95
95 96
94 97
97 98
97 99
99 100
100 101
101 102
101 103
103 104
103 105
99 106
97 82
82 107
78 108
108 109
109 110
110 111
111 112
77 113
73 114
114 115
27 116
26 117
117 118
118 119
118 120
117 121
121 122
25 123
123 124
22 125
21 126
126 127
126 128
128 129
129 130
130 131
131 132
131 133
130 134
129 135
128 136
136 137
137 138
138 139
139 140
140 141
141 142
142 143
143 144
143 145
145 146
143 147
147 148
148 149
149 150
147 151
151 152
151 153
153 154
154 155
155 156
156 157
157 158
158 159
159 160
160 161
161 162
162 163
163 164
163 165
162 166
166 167
166 168
168 169
169 170
169 171
171 172
171 173
173 174
174 175
173 176
176 177
177 178
178 179
179 180
178 181
181 182
182 183
183 184
183 185
185 186
185 187
187 188
187 189
182 190
190 191
191 192
192 193
193 194
192 195
195 196
192 197
191 198
198 199
199 200
200 201
201 202
202 203
203 204
204 205
205 206
205 207
207 208
208 209
209 210
210 211
211 212
211 213
213 214
214 215
215 216
216 217
216 218
218 219
219 220
220 221
221 222
222 223
220 224
224 225
225 226
226 227
227 228
228 229
229 230
230 231
231 232
229 233
233 234
234 235
234 236
236 237
237 238
238 239
236 240
226 241
241 242
242 243
243 244
242 245
225 246
246 247
247 248
248 249
248 250
247 251
251 252
252 253
253 254
254 255
255 256
252 257
257 258
258 259
258 260
260 261
261 262
262 263
263 264
264 265
265 266
265 267
267 268
267 269
264 270
270 271
271 272
272 273
273 274
274 275
275 276
275 277
275 278
278 279
279 280
274 281
273 282
282 283
283 284
283 285
285 286
272 287
270 288
288 289
289 290
290 291
290 292
292 293
292 257
251 294
246 295
295 296
296 297
297 298
218 299
299 300
213 301
209 302
302 303
303 304
303 305
305 306
306 307
307 308
308 309
309 310
310 311
308 312
307 313
313 314
314 315
314 316
316 317
305 318
318 319
319 320
320 321
320 322
322 323
319 324
324 325
319 326
326 327
327 328
326 329
318 330
330 331
331 332
332 333
333 334
332 335
335 336
336 337
337 338
338 339
339 340
337 341
341 342
341 343
343 344
344 345
345 346
346 347
347 348
344 349
349 350
350 351
349 352
352 353
352 354
354 355
355 356
356 357
357 358
358 359
359 360
360 361
360 362
362 363
363 364
363 365
365 366
366 367
367 368
366 369
369 370
370 371
370 372
372 373
373 374
374 375
375 376
376 377
377 378
378 379
379 380
380 381
380 382
382 383
382 384
379 385
385 386
386 387
387 388
387 389
389 390
386 391
385 392
392 393
392 394
394 395
394 396
378 397
397 398
398 399
399 400
400 401
401 402
402 403
403 404
400 405
405 406
406 407
407 408
408 409
407 410
410 411
411 412
412 413
413 414
414 415
413 416
416 417
417 418
418 419
419 420
418 421
421 422
422 423
422 424
424 425
425 426
426 427
427 428
427 429
421 430
417 431
416 432
413 433
433 434
434 435
435 436
436 437
437 438
436 439
439 440
440 441
440 442
439 443
443 444
444 445
445 446
443 447
447 448
439 449
435 450
435 451
451 452
452 453
453 454
454 455
452 456
456 457
457 458
458 459
459 460
459 461
461 462
462 463
463 464
464 465
465 466
465 467
467 468
468 469
469 470
470 471
471 472
471 473
473 474
470 475
463 476
476 477
477 478
476 479
463 480
480 481
481 482
482 483
483 484
484 485
481 486
486 487
487 488
488 489
487 490
490 491
480 492
492 493
493 494
494 495
495 496
495 497
497 498
498 499
499 500
500 501
500 502
502 503
502 504
504 505
504 506
506 507
507 508
507 509
509 510
510 511
511 512
512 513
511 514
511 515
515 516
516 517
515 518
518 519
519 520
520 521
521 522
522 523
522 524
521 525
525 526
526 527
527 528
528 529
529 530
530 531
531 532
532 533
533 534
533 535
535 536
536 537
537 538
536 539
539 540
535 541
541 542
542 543
543 544
543 545
542 546
546 547
547 548
548 549
549 550
550 551
550 552
552 553
553 554
550 555
548 556
556 557
557 558
558 559
557 560
557 561
561 562
562 563
563 564
564 565
565 566
564 567
563 568
563 569
569 570
570 571
569 572
572 573
573 574
574 575
575 576
576 577
577 578
578 579
579 580
580 581
581 582
582 583
583 584
584 585
585 586
586 587
583 588
582 589
589 590
590 591
591 592
592 593
593 594
594 595
592 596
596 597
597 598
598 599
599 600
599 601
601 602
602 603
601 604
604 605
596 606
606 607
607 608
608 609
608 610
592 611
591 612
590 613
613 614
614 615
615 616
616 617
616 618
618 619
613 620
589 621
621 622
622 623
623 624
622 625
625 154
153 626
141 627
627 628
627 629
140 630
630 631
630 632
632 633
633 634
634 635
635 636
636 637
636 638
634 639
639 640
639 641
641 642
639 643
643 644
643 645
645 646
646 647
646 648
648 649
649 650
650 651
651 652
650 653
650 654
654 655
655 656
656 657
657 658
658 659
655 660
660 661
661 662
662 663
663 664
664 665
664 666
666 667
663 668
668 669
669 670
670 671
671 672
672 673
671 674
674 7
2 675
343 352
676 457
410 677
677 676
678 357
354 679
679 680
680 681
680 682
335 683
209 684
684 685
685 686
686 678
289 687
687 688
263 689
690 493
461 690
204 691
691 692
692 359
359 693
678 694
694 695
205 696
697 497
494 698
698 697
699 700
700 506
500 701
701 702
702 703
499 704
704 705
705 706
706 707
707 708
707 699
709 699
706 710
710 711
711 709
712 713
713 714
714 715
715 712
177 716
716 717
717 718
716 719
719 720
720 721
721 722
722 723
722 724
724 725
725 726
726 727
725 728
728 729
729 730
730 731
731 365
362 732
692 733
691 734
734 735
734 736
736 737
737 738
736 739
739 740
93 741
161 742
742 743
743 176
168 744
159 745
745 746
746 747
746 748
748 742
749 750
750 751
751 752
752 753
753 754
753 755
755 756
753 757
757 758
758 759
759 519
518 760
760 761
761 762
761 763
763 764
763 765
509 766
766 767
767 768
768 769
769 770
769 771
768 772
772 773
773 774
774 775
774 776
776 777
777 778
776 749
577 779
576 780
780 781
781 782
782 783
782 784
784 785
782 786
786 787
787 788
787 776
773 789
772 790
790 791
791 792
791 793
790 794
794 795
795 796
796 797
796 798
798 799
798 800
800 801
801 802
801 803
800 804
804 805
768 806
806 807
700 808
808 809
697 810
810 811
690 812
458 813
813 814
814 815
815 816
815 817
817 818
818 819
818 820
817 821
821 822
822 823
823 824
813 825
406 826
826 827
406 828
405 829
377 830
830 831
831 832
830 833
833 834
834 835
833 836
376 837
837 838
375 839
839 840
840 841
841 842
842 843
843 844
844 845
842 846
846 847
846 848
848 849
849 850
849 851
851 852
852 853
851 854
854 855
851 856
856 857
839 858
858 859
858 860
860 861
860 862
862 863
730 864
730 865
865 866
865 867
867 868
867 869
869 870
869 871
724 872
872 873
720 874
874 875
875 876
875 877
877 878
877 879
879 880
879 881
881 882
879 883
883 884
884 885
885 886
883 887
887 888
888 889
888 890
890 891
891 892
892 893
892 894
894 895
895 896
890 897
897 898
897 899
887 900
883 901
901 902
901 903
903 904
903 905
905 906
901 907
907 908
719 909
743 910
156 911
155 912
912 913
913 914
912 915
915 916
915 917
917 918
918 919
919 920
920 921
919 922
922 923
923 924
924 925
925 926
926 927
927 928
928 929
929 930
928 931
926 932
932 933
933 934
934 935
934 713
715 936
936 937
715 938
933 939
939 940
939 941
932 942
942 943
943 944
944 945
945 946
922 947
947 948
919 949
918 950
917 951
951 952
952 578
953 954
954 955
955 956
956 957
956 958
958 959
958 526
751 960
960 961
750 962
575 963
963 964
963 953
580 965
952 966
966 967
967 968
621 969
969 970
970 971
969 972
972 973
42 974
975 976
976 977
977 21
20 978
17 975
562 979
561 980
980 981
981 953
575 982
983 984
984 985
985 632
139 986
986 983
987 988
988 989
989 990
989 991
991 992
992 136
126 993
977 987
11 994
994 995
995 975
547 996
996 997
997 998
998 981
533 999
999 1000
1000 1001
1000 1002
531 1003
528 1004
526 1005
955 1006
1006 1007
954 1008
1008 1009
1008 1010
1008 1011
997 1012
547 1013
643 1014
634 1015
633 1016
983 1017
1017 1018
1018 1019
1018 1020
986 1021
137 1022
992 1023
988 1024
1024 1025
1025 645
1025 1026
976 1027
994 1028
668 1029
1029 1030
1029 1031
660 1032
