Vertice
519
41 36
41 95
41 153
41 271
153 271
153 153
153 212
105 212
271 212
271 270
224 270
224 330
330 212
330 271
330 329
283 329
283 389
165 389
165 341
106 389
106 341
283 448
224 448
164 448
224 506
165 506
165 566
106 566
106 519
106 460
47 460
47 341
46 519
165 743
165 801
106 801
47 801
47 755
94 755
47 637
94 637
94 684
47 577
106 861
106 979
47 979
47 872
47 1156
153 979
153 1038
106 1038
106 1098
212 1098
212 1215
165 1215
165 1168
105 1168
106 1215
47 1215
47 1333
47 1451
94 1333
106 1274
153 1274
153 1333
153 1391
106 1391
106 1451
211 1451
211 1403
271 1333
271 1451
389 1451
330 1333
330 1392
388 1333
388 1286
448 1286
271 1285
212 1274
271 1215
330 1215
330 1274
271 1168
330 1168
389 1168
389 1215
448 1215
507 1215
507 1274
507 1333
459 1333
507 1392
400 1392
507 1451
459 1451
625 1451
742 1451
742 1286
802 1286
802 1333
861 1333
861 1392
814 1392
814 1451
861 1451
920 1392
920 1451
1037 1451
1037 1403
978 1392
978 1345
1097 1345
1097 1451
1156 1451
1215 1451
1274 1451
1215 1227
1274 1227
1274 1392
1333 1392
1333 1451
1392 1451
1392 1392
1333 1227
1333 1274
1392 1227
1392 1274
1451 1274
1451 1333
1344 1333
1451 1451
1451 1227
1333 1109
1392 1109
1392 1156
1451 1156
1392 1050
1451 1050
1451 1097
1392 991
1451 991
1333 1050
1333 932
1450 932
1450 872
1286 932
1286 873
1333 873
1392 873
1333 814
1286 814
1286 637
1227 637
1227 578
1273 578
1273 519
1333 519
1333 566
1333 626
1333 684
1392 684
1392 743
1344 743
1392 802
1451 743
1451 802
1451 684
1450 626
1450 566
1450 519
1404 519
1404 460
1451 460
1333 401
1392 401
1451 401
1392 283
1451 283
1451 330
1451 224
1451 165
1403 165
1333 224
1345 165
1345 106
1451 106
1345 47
1451 47
1286 165
1168 165
1168 106
1215 106
1274 106
1215 47
1274 47
1167 47
1109 106
1109 47
1049 47
1049 106
1109 212
991 212
991 165
1038 165
991 47
931 47
932 212
932 165
873 165
873 106
920 106
873 212
932 271
872 271
932 330
873 330
873 388
814 388
814 342
814 283
755 283
755 224
755 106
802 106
802 212
802 47
861 47
755 46
696 224
696 164
696 271
637 271
637 165
637 106
683 106
683 47
636 47
578 165
578 106
519 106
519 47
566 47
459 47
519 165
519 213
519 271
460 271
460 105
389 212
271 47
330 47
330 153
388 153
388 46
224 47
224 153
94 95
153 95
94 47
153 47
695 1286
625 1404
695 1404
1285 1050
1274 1168
1285 1109
695 1045
743 1045
802 1045
802 1097
754 1097
802 1156
754 1156
861 1156
861 1215
802 1215
754 1215
695 1227
637 1227
637 1168
683 1168
695 1109
212 1038
1226 932
1227 1109
1226 991
1274 991
1049 927
1156 927
1156 991
1109 979
1109 1038
1049 1038
1109 1156
1156 1038
1168 1168
1168 1108
1168 1227
1108 1227
1168 1333
1156 1403
1097 1285
931 1345
861 1286
920 1286
920 1215
920 1097
920 1156
920 1045
979 1045
979 1097
1038 1097
1038 1155
991 1155
991 1215
991 1274
1038 1274
1038 1215
979 991
1049 991
931 927
931 991
636 927
743 927
802 927
802 991
743 990
637 1045
636 991
684 991
153 927
212 927
212 979
271 927
271 979
271 1038
1156 814
1226 873
518 750
566 750
566 861
518 861
566 919
519 919
460 919
460 872
460 1037
401 1037
401 1097
519 979
566 991
566 1097
636 1109
625 1344
565 1392
565 1344
566 1274
625 1274
566 1226
448 1168
566 1168
448 1109
506 1109
506 1049
330 1049
271 1108
329 979
329 932
389 932
389 979
389 873
389 814
518 814
566 691
625 691
625 802
625 861
684 802
743 802
684 696
743 696
743 743
802 743
861 743
861 802
802 802
743 873
695 873
341 691
389 691
389 743
448 691
448 750
341 873
271 873
224 873
224 814
341 814
1167 514
1227 514
1156 755
1215 755
1109 814
1050 814
1050 755
1097 755
991 814
991 696
1038 696
1156 696
1215 696
1156 636
1038 637
1096 637
1096 578
1167 578
931 514
1038 514
1096 514
1049 578
991 578
931 578
754 342
755 388
696 388
577 271
755 448
695 448
755 507
755 565
696 565
696 519
636 519
802 507
802 625
861 514
873 578
873 684
931 684
991 861
1109 860
1049 860
931 872
873 927
873 872
920 802
920 743
802 695
743 637
695 637
625 578
578 578
578 519
519 519
519 401
566 401
625 401
625 447
577 447
625 341
566 341
519 578
519 625
519 684
566 625
448 636
283 691
283 637
224 637
224 684
153 861
271 743
330 566
330 625
389 625
330 519
389 519
389 566
448 566
448 519
389 460
447 460
447 401
401 401
401 342
448 342
282 519
330 448
330 389
519 330
566 213
1286 212
1273 460
1168 460
1168 401
1214 401
1214 342
1274 342
1274 389
1274 282
1214 223
1168 341
1109 401
1109 341
1049 401
1038 460
1097 460
931 459
861 459
802 448
932 389
991 330
991 448
1037 330
1037 282
1109 271
1156 212
1156 271
Edge
538
0 1
1 2
2 3
3 4
2 5
5 6
6 7
6 8
8 9
9 10
10 11
8 12
12 13
13 14
14 15
15 16
16 17
17 18
17 19
19 20
16 21
21 22
22 23
22 24
24 25
25 26
26 27
27 28
28 29
29 30
30 31
28 32
26 33
33 34
34 35
35 36
36 37
37 38
37 39
39 40
40 41
39 42
35 43
43 44
44 45
45 46
45 47
44 48
48 49
49 50
50 51
51 52
52 53
53 54
54 55
55 56
54 57
57 58
58 59
59 60
59 61
57 62
62 63
63 64
64 65
65 66
66 67
67 68
68 69
64 70
70 71
71 72
70 73
73 74
73 75
75 76
76 77
70 78
63 79
53 80
80 81
81 82
80 83
83 84
84 85
85 86
86 87
87 88
88 89
89 90
90 91
90 92
92 93
92 94
94 95
94 96
96 97
97 98
98 99
99 100
100 101
101 102
102 103
103 104
102 105
102 106
106 107
107 108
108 109
106 110
110 111
111 112
112 113
113 114
114 115
115 116
115 117
117 118
118 119
119 120
120 121
121 122
120 123
118 124
124 125
124 126
126 127
127 128
128 129
129 130
129 131
126 132
124 133
133 134
134 135
135 136
134 137
137 138
138 139
137 140
140 141
133 142
142 143
143 144
144 145
143 146
146 147
147 148
148 149
148 150
150 151
151 152
152 153
153 154
154 155
155 156
156 157
157 158
158 159
159 160
160 161
161 162
162 163
162 164
162 165
165 166
161 167
159 168
168 169
169 170
170 171
171 172
172 173
169 158
157 174
174 175
175 176
175 177
177 178
178 179
178 180
180 181
181 182
180 183
183 184
184 185
185 186
185 187
187 188
184 189
189 190
190 191
191 192
192 193
192 194
194 195
194 196
191 197
197 198
198 199
197 200
197 201
201 202
202 203
203 204
203 205
205 206
202 207
207 208
208 209
209 210
210 211
209 212
207 213
213 214
213 215
215 216
216 217
217 218
218 219
219 220
220 221
221 222
222 223
223 224
224 225
224 226
226 227
223 228
222 229
229 230
229 231
231 232
232 233
233 234
234 235
235 236
236 237
233 238
238 239
239 240
240 241
241 242
241 243
238 244
244 245
245 246
246 247
247 248
247 13
12 249
8 250
250 251
251 252
252 253
253 254
250 255
255 256
1 257
257 258
257 259
259 260
261 98
96 262
262 263
263 261
264 142
118 265
265 266
266 264
267 268
268 269
269 270
270 271
270 272
272 273
272 274
274 275
275 276
276 277
276 99
261 278
278 279
279 280
280 281
281 282
282 267
49 283
283 52
284 146
266 285
285 286
286 287
286 284
288 289
289 290
290 291
291 292
292 293
292 294
290 295
290 286
265 296
296 297
117 298
298 299
298 300
114 301
112 302
111 303
101 304
304 305
275 306
270 307
307 308
269 309
309 310
310 311
311 312
312 313
313 314
314 315
315 316
316 317
315 318
310 319
319 320
320 288
321 288
309 322
322 321
323 324
324 325
325 326
326 322
268 327
267 328
328 329
329 330
329 323
331 332
332 333
332 334
334 335
335 336
336 283
48 331
337 151
147 338
289 337
339 340
340 341
341 342
341 343
343 344
344 345
345 346
345 347
347 348
348 349
344 350
350 351
351 352
351 329
282 353
262 354
92 355
355 356
89 357
357 358
357 359
87 360
360 361
360 362
362 363
363 364
84 365
83 366
335 367
367 368
368 369
369 370
369 371
371 372
372 373
373 339
374 375
375 376
376 377
376 378
378 379
378 380
380 381
381 382
382 383
383 384
384 385
385 386
386 325
324 387
387 388
340 374
389 390
390 391
390 392
392 393
393 339
371 394
334 395
395 396
396 397
397 398
398 389
399 400
400 154
337 401
401 402
337 403
403 404
404 405
405 406
404 407
407 408
408 409
409 410
410 411
410 412
409 413
413 414
414 415
415 416
416 399
417 418
418 419
419 415
415 420
408 421
421 422
422 417
174 183
219 423
218 424
424 425
425 231
232 426
424 427
427 428
427 429
429 430
430 431
431 432
432 433
429 434
434 435
434 436
436 417
422 437
437 438
422 439
407 440
403 441
441 442
321 443
321 444
444 445
385 446
384 447
383 448
381 449
449 450
375 451
451 452
452 453
453 454
454 455
455 456
456 457
457 458
458 459
457 460
456 461
452 462
462 463
463 464
463 465
392 466
389 467
467 468
468 469
469 470
43 471
33 472
26 473
473 474
474 475
473 476
476 477
477 478
478 479
477 480
477 481
481 482
482 483
483 484
484 485
485 486
476 487
21 488
16 489
246 490
245 491
189 492
156 493
493 494
494 495
495 496
496 497
497 498
498 499
498 500
497 501
495 502
495 503
503 504
503 505
418 506
506 507
417 508
436 509
427 510
215 511
202 512
512 513
512 514
514 515
201 516
201 517
517 518
